date,symbol,open,high,low,close,volume,dividends,stock_splits
2011-09-08,EA,22.35909,22.388943,21.821756,21.971016,9258000,0.0,0
2011-09-09,EA,21.7123,21.851606,20.946098,21.25457,10049200,0.0,0
2011-09-12,EA,21.08541,22.060572,20.995853,21.961065,10463200,0.0,0
2011-09-13,EA,22.080477,22.090427,21.602844,22.000872,10782000,0.0,0
2011-09-14,EA,22.130226,22.886475,21.980967,22.568054,9510700,0.0,0
2011-09-15,EA,22.886477,22.94618,22.42875,22.856625,8231000,0.0,0
2011-09-16,EA,22.866575,23.025785,22.587957,22.896427,8892700,0.0,0
2011-09-19,EA,22.558105,22.886477,22.35909,22.757118,6827800,0.0,0
2011-09-20,EA,22.81682,23.453661,22.627758,22.796919,6805500,0.0,0
2011-09-21,EA,22.886477,23.194946,21.831709,21.84166,8919800,0.0,0
2011-09-22,EA,21.184916,21.284422,20.35901,20.657532,9932100,0.0,0
2011-09-23,EA,20.607777,21.26452,20.418716,21.145113,6838100,0.0,0
2011-09-26,EA,21.40383,21.971016,21.08541,21.652596,9952500,0.0,0
2011-09-27,EA,22.060574,22.249636,21.6924,21.811808,11540200,0.0,0
2011-09-28,EA,22.020771,22.110327,20.866497,20.9063,6451000,0.0,0
2011-09-29,EA,21.284424,21.543142,19.97094,20.518227,8118400,0.0,0
2011-09-30,EA,20.31921,20.886396,20.229654,20.349062,6719700,0.0,0
2011-10-03,EA,20.27941,20.697336,19.66247,19.66247,6540000,0.0,0
2011-10-04,EA,19.38385,20.169952,18.896269,20.169952,7875900,0.0,0
2011-10-05,EA,20.209751,20.906298,19.970936,20.856543,9052100,0.0,0
2011-10-06,EA,20.896347,22.448647,20.747087,22.448647,12454200,0.0,0
2011-10-07,EA,22.438698,22.58796,22.070526,22.269537,7138400,0.0,0
2011-10-10,EA,22.61781,23.473564,22.140179,23.473564,7346800,0.0,0
2011-10-11,EA,23.374058,23.73228,23.115341,23.393959,5622000,0.0,0
2011-10-12,EA,23.602922,23.87159,23.384008,23.612873,5890300,0.0,0
2011-10-13,EA,23.52332,23.762135,23.2248,23.712381,5663100,0.0,0
2011-10-14,EA,23.971098,24.418877,23.821838,24.418877,4776700,0.0,0
2011-10-17,EA,24.249718,24.47858,23.632776,23.712381,4614800,0.0,0
2011-10-18,EA,23.951195,24.66764,23.672577,24.389023,6890900,0.0,0
2011-10-19,EA,24.269615,24.46863,23.453663,23.503418,6168000,0.0,0
2011-10-20,EA,23.384008,23.672579,22.697414,23.294453,7175600,0.0,0
2011-10-21,EA,23.503418,24.040752,23.165096,23.463615,8178000,0.0,0
2011-10-24,EA,23.752184,24.826853,23.752184,24.816902,7332800,0.0,0
2011-10-25,EA,24.607937,24.737297,24.140257,24.34922,7056900,0.0,0
2011-10-26,EA,24.787048,24.806952,23.622824,24.269615,8355500,0.0,0
2011-10-27,EA,24.876604,25.155224,23.702429,24.379072,18728200,0.0,0
2011-10-28,EA,23.44371,24.757196,23.44371,23.981047,9402800,0.0,0
2011-10-31,EA,23.75218,23.75218,23.075537,23.234747,6439600,0.0,0
2011-11-01,EA,22.42875,22.90638,22.160082,22.349142,8688500,0.0,0
2011-11-02,EA,22.737217,23.543219,22.647661,23.364107,8774500,0.0,0
2011-11-03,EA,23.642723,24.389023,23.214846,24.259663,12895700,0.0,0
2011-11-04,EA,24.010897,26.001024,23.752182,25.075617,15199000,0.0,0
2011-11-07,EA,24.986065,25.07562,24.060654,24.369123,6393700,0.0,0
2011-11-08,EA,24.528332,24.787048,23.752182,24.120356,8699300,0.0,0
2011-11-09,EA,23.56312,23.652676,22.866573,22.916328,4660300,0.0,0
2011-11-10,EA,23.214848,23.831789,23.214848,23.453663,7451700,0.0,0
2011-11-11,EA,23.672577,23.961143,23.523315,23.782032,5149300,0.0,0
2011-11-14,EA,23.622822,23.951193,23.364105,23.632772,4649200,0.0,0
2011-11-15,EA,23.523317,23.821838,23.224798,23.692478,4425600,0.0,0
2011-11-16,EA,23.60292,23.881538,22.876524,22.946178,5683800,0.0,0
2011-11-17,EA,22.846674,22.876526,22.070524,22.209833,6129400,0.0,0
2011-11-18,EA,22.339191,22.35909,21.811806,21.88146,4241700,0.0,0
2011-11-21,EA,21.453583,21.68245,20.78689,21.523237,7018500,0.0,0
2011-11-22,EA,21.463531,22.000868,21.29437,21.752102,3928100,0.0,0
2011-11-23,EA,21.473484,21.56304,20.836643,20.836643,4047000,0.0,0
2011-11-25,EA,20.776941,21.105312,20.717237,20.727188,2277400,0.0,0
2011-11-28,EA,21.871511,22.32924,21.403831,21.980968,7876500,0.0,0
2011-11-29,EA,22.040672,22.100374,21.413782,21.582943,5002100,0.0,0
2011-11-30,EA,22.369041,23.095438,22.32924,23.075539,7960900,0.0,0
2011-12-01,EA,22.985981,23.682526,22.985981,23.214846,7345500,0.0,0
2011-12-02,EA,23.463612,23.682526,22.836721,22.886475,4790600,0.0,0
2011-12-05,EA,23.284502,23.384008,22.4785,22.61781,8257700,0.0,0
2011-12-06,EA,22.737217,23.294453,22.548155,23.035736,7343100,0.0,0
2011-12-07,EA,22.906378,22.966082,22.18993,22.4785,6718000,0.0,0
2011-12-08,EA,22.408848,22.438698,21.354078,21.38393,7848400,0.0,0
2011-12-09,EA,21.513287,21.941164,21.115261,21.88146,5365000,0.0,0
2011-12-12,EA,21.7123,21.811806,21.234669,21.57299,3436700,0.0,0
2011-12-13,EA,21.652596,21.89141,20.647581,20.757038,6699400,0.0,0
2011-12-14,EA,20.687384,20.77694,20.16,20.239605,6654900,0.0,0
2011-12-15,EA,20.538124,20.966002,20.508272,20.816742,6385800,0.0,0
2011-12-16,EA,21.025705,21.413782,20.020693,20.130148,11655100,0.0,0
2011-12-19,EA,20.249556,20.448568,19.672419,19.752024,5483300,0.0,0
2011-12-20,EA,19.97094,20.528175,19.861483,20.468472,3389900,0.0,0
2011-12-21,EA,20.657534,20.896349,20.070444,20.199802,3922100,0.0,0
2011-12-22,EA,20.199802,20.388865,19.911234,20.199802,3468700,0.0,0
2011-12-23,EA,20.299309,20.61773,20.070444,20.607779,2235500,0.0,0
2011-12-27,EA,20.707287,21.145115,20.558027,20.9063,5774300,0.0,0
2011-12-28,EA,20.926197,21.165012,20.38886,20.438616,3363200,0.0,0
2011-12-29,EA,20.48837,20.806791,20.269457,20.757038,2296700,0.0,0
2011-12-30,EA,20.747087,20.856543,20.47842,20.498322,2027200,0.0,0
2012-01-03,EA,20.946098,21.344126,20.916248,21.194864,4859500,0.0,0
2012-01-04,EA,21.015755,21.08541,20.16,20.189852,7479400,0.0,0
2012-01-05,EA,20.299309,20.707285,20.060493,20.428669,5057700,0.0,0
2012-01-06,EA,20.368963,20.48837,19.54306,19.572912,7231300,0.0,0
2012-01-09,EA,19.871431,19.871431,18.985825,19.324146,11974600,0.0,0
2012-01-10,EA,19.473406,19.66247,19.284344,19.363949,6737800,0.0,0
2012-01-11,EA,19.204739,19.423655,19.095284,19.284344,6786400,0.0,0
2012-01-12,EA,19.463455,19.732122,19.23459,19.413702,5889700,0.0,0
2012-01-13,EA,19.174887,19.244541,17.861403,17.950958,18690400,0.0,0
2012-01-17,EA,18.040514,18.14002,17.473328,17.65244,16483500,0.0,0
2012-01-18,EA,17.632534,18.189772,17.612635,18.16987,7762000,0.0,0
2012-01-19,EA,18.14002,18.309183,16.766834,17.453428,19894000,0.0,0
2012-01-20,EA,17.911156,18.149971,17.54298,17.841501,11950700,0.0,0
2012-01-23,EA,17.911156,18.090267,17.801699,17.891254,8974200,0.0,0
2012-01-24,EA,18.100218,18.100218,17.413624,17.851452,9789500,0.0,0
2012-01-25,EA,17.682291,18.050463,17.453426,17.950958,6058900,0.0,0
2012-01-26,EA,17.960909,18.339033,17.50318,17.572834,6247300,0.0,0
2012-01-27,EA,17.423574,18.249477,17.413624,18.050465,6775600,0.0,0
2012-01-30,EA,17.911158,17.990763,17.712143,17.94101,5827400,0.0,0
2012-01-31,EA,18.060415,18.717157,17.97086,18.488293,10794000,0.0,0
2012-02-01,EA,18.6077,18.6077,18.010662,18.348984,9546800,0.0,0
2012-02-02,EA,19.66247,20.538126,19.304247,19.473408,25830200,0.0,0
2012-02-03,EA,19.702269,19.861479,19.055477,19.145033,11070200,0.0,0
2012-02-06,EA,19.015676,19.21469,18.826614,18.90622,9443900,0.0,0
2012-02-07,EA,18.876368,18.91617,18.319132,18.398737,10034800,0.0,0
2012-02-08,EA,18.408688,18.667404,18.12012,18.149971,10334100,0.0,0
2012-02-09,EA,17.851452,18.100218,17.433525,17.781797,16376200,0.0,0
2012-02-10,EA,17.055399,17.413622,16.647423,17.334017,15862100,0.0,0
2012-02-13,EA,17.393723,17.65244,17.224562,17.403673,6975400,0.0,0
2012-02-14,EA,17.294216,17.582785,17.274315,17.572834,6295000,0.0,0
2012-02-15,EA,17.53303,17.911154,17.353918,17.662388,6724400,0.0,0
2012-02-16,EA,17.732042,17.87135,17.413622,17.68229,5612000,0.0,0
2012-02-17,EA,17.662388,17.771847,17.19471,17.38377,8171700,0.0,0
2012-02-21,EA,17.473328,17.542982,17.04545,17.135006,5185800,0.0,0
2012-02-22,EA,17.17481,17.274317,17.00565,17.04545,4524200,0.0,0
2012-02-23,EA,17.075302,17.22456,16.985746,17.105154,3254000,0.0,0
2012-02-24,EA,17.115105,17.244463,16.746931,16.846437,7956600,0.0,0
2012-02-27,EA,16.727028,17.0355,16.528017,16.727028,5665000,0.0,0
2012-02-28,EA,16.746931,16.816586,16.557869,16.627523,5609500,0.0,0
2012-02-29,EA,16.537966,16.667324,16.199644,16.259348,8730200,0.0,0
2012-03-01,EA,16.2494,16.627522,15.970779,16.607622,12828300,0.0,0
2012-03-02,EA,16.567816,16.935991,16.528015,16.697176,9665500,0.0,0
2012-03-05,EA,16.637472,16.76683,16.229496,16.408607,5933900,0.0,0
2012-03-06,EA,16.2693,16.42851,16.11009,16.358856,6873400,0.0,0
2012-03-07,EA,16.388706,16.488213,16.159842,16.428509,5671800,0.0,0
2012-03-08,EA,16.488213,17.612637,16.27925,17.314116,19118200,0.0,0
2012-03-09,EA,17.34397,17.572834,16.916092,17.174809,9313400,0.0,0
2012-03-12,EA,17.18476,17.324068,16.537968,16.756882,7918000,0.0,0
2012-03-13,EA,16.86634,17.204662,16.677279,17.194712,5747500,0.0,0
2012-03-14,EA,17.105152,17.184757,16.378756,16.418558,10552500,0.0,0
2012-03-15,EA,16.428513,16.786736,16.378757,16.627523,6072500,0.0,0
2012-03-16,EA,16.697178,17.413622,16.567818,17.37382,10161000,0.0,0
2012-03-19,EA,17.284266,17.314117,17.025549,17.085253,6390700,0.0,0
2012-03-20,EA,16.945944,17.015598,16.597672,16.926043,4776500,0.0,0
2012-03-21,EA,16.88624,17.095203,16.806635,16.836487,4448100,0.0,0
2012-03-22,EA,16.717077,17.0355,16.657373,16.876287,4744600,0.0,0
2012-03-23,EA,16.935993,17.065351,16.727028,16.776783,2905500,0.0,0
2012-03-26,EA,16.92604,16.965843,16.727028,16.91609,3315900,0.0,0
2012-03-27,EA,17.164858,17.552933,16.906141,16.935993,4394500,0.0,0
2012-03-28,EA,16.896189,17.015598,16.408607,16.707129,6392300,0.0,0
2012-03-29,EA,16.587719,16.796682,16.209597,16.408607,6694500,0.0,0
2012-03-30,EA,16.478262,16.697178,16.348904,16.408607,4035000,0.0,0
2012-04-02,EA,16.398659,16.70713,16.189697,16.627523,4286800,0.0,0
2012-04-03,EA,16.547918,16.786736,16.508116,16.56782,5752800,0.0,0
2012-04-04,EA,16.42851,16.56782,16.149893,16.179745,3841400,0.0,0
2012-04-05,EA,16.129992,16.348907,16.07029,16.189697,3734600,0.0,0
2012-04-09,EA,16.000633,16.070288,15.821521,15.821521,4750800,0.0,0
2012-04-10,EA,15.731964,15.891174,15.284184,15.473248,9477100,0.0,0
2012-04-11,EA,15.582705,15.901125,15.513051,15.81157,4622800,0.0,0
2012-04-12,EA,15.80162,16.458363,15.722014,16.438461,5971000,0.0,0
2012-04-13,EA,16.309101,16.44841,16.040434,16.100138,3582000,0.0,0
2012-04-16,EA,16.12999,16.219545,15.105075,15.134927,9772300,0.0,0
2012-04-17,EA,15.304087,15.552854,15.18468,15.20458,6945600,0.0,0
2012-04-18,EA,15.134926,15.284185,14.796604,14.995617,5783400,0.0,0
2012-04-19,EA,14.945864,15.234432,14.627443,14.687147,5767200,0.0,0
2012-04-20,EA,14.74685,14.995616,14.577689,14.856308,7463700,0.0,0
2012-04-23,EA,14.627443,14.925962,14.408528,14.796604,5675800,0.0,0
2012-04-24,EA,14.806556,14.856309,14.647346,14.806556,6192100,0.0,0
2012-04-25,EA,14.8961115,15.0055685,14.726951,14.935914,4335700,0.0,0
2012-04-26,EA,15.682212,16.020535,15.264285,15.851373,12922300,0.0,0
2012-04-27,EA,15.841423,15.95088,15.174729,15.244384,7755200,0.0,0
2012-04-30,EA,15.164778,15.473248,15.085173,15.304087,3630900,0.0,0
2012-05-01,EA,15.274235,15.572754,15.164778,15.463297,4507700,0.0,0
2012-05-02,EA,15.413544,15.940928,15.174728,15.791668,8072400,0.0,0
2012-05-03,EA,15.751866,15.980731,15.523002,15.592656,8903100,0.0,0
2012-05-04,EA,15.403593,15.532951,14.995617,15.04537,6822900,0.0,0
2012-05-07,EA,15.294136,15.304087,14.667245,15.055321,10259700,0.0,0
2012-05-08,EA,14.179665,14.617493,13.761738,14.408529,21563100,0.0,0
2012-05-09,EA,14.249318,14.259269,13.940848,14.050305,12661000,0.0,0
2012-05-10,EA,14.219467,14.707048,14.159762,14.637394,10800000,0.0,0
2012-05-11,EA,14.547838,14.925963,14.478185,14.498085,7983900,0.0,0
2012-05-14,EA,14.348826,14.488135,14.259271,14.309024,5167100,0.0,0
2012-05-15,EA,14.43838,14.627441,14.169712,14.2393675,5273300,0.0,0
2012-05-16,EA,14.368727,14.6771965,14.279172,14.338875,7186000,0.0,0
2012-05-17,EA,14.3189745,14.517987,14.149814,14.169714,6093300,0.0,0
2012-05-18,EA,14.169713,14.338875,13.930899,14.030405,7627600,0.0,0
2012-05-21,EA,14.030406,14.358777,13.8811455,14.309024,6686200,0.0,0
2012-05-22,EA,14.289121,14.517986,14.090109,14.189615,5576400,0.0,0
2012-05-23,EA,14.040355,14.667245,13.930898,14.617492,5179800,0.0,0
2012-05-24,EA,14.577691,14.597592,14.040356,14.149814,4255600,0.0,0
2012-05-25,EA,14.129912,14.289122,14.010505,14.149814,2696700,0.0,0
2012-05-29,EA,14.24932,14.55779,14.179666,14.309024,3477600,0.0,0
2012-05-30,EA,14.149814,14.199567,13.901048,14.080158,3935500,0.0,0
2012-05-31,EA,14.070208,14.080157,13.542823,13.552773,7312600,0.0,0
2012-06-01,EA,13.323911,13.4134655,12.985588,13.055243,7443400,0.0,0
2012-06-04,EA,13.065192,13.264205,12.796525,13.005488,3585800,0.0,0
2012-06-05,EA,12.925883,13.294057,12.896032,13.075144,4150400,0.0,0
2012-06-06,EA,13.214452,13.682133,13.154749,13.64233,5057300,0.0,0
2012-06-07,EA,13.761737,13.821441,13.244304,13.353761,5191700,0.0,0
2012-06-08,EA,13.34381,13.522922,13.214451,13.403514,3074000,0.0,0
2012-06-11,EA,13.473168,13.522922,12.72687,12.7567215,6167000,0.0,0
2012-06-12,EA,12.846278,12.945785,12.637315,12.726871,6286100,0.0,0
2012-06-13,EA,12.687068,12.756722,12.139783,12.229339,8652900,0.0,0
2012-06-14,EA,12.279092,12.3984995,12.179585,12.259191,5411200,0.0,0
2012-06-15,EA,12.249242,12.428352,12.159686,12.378599,9771100,0.0,0
2012-06-18,EA,12.209437,12.478105,12.159684,12.368648,3297900,0.0,0
2012-06-19,EA,12.428352,12.647266,12.338796,12.607464,4005200,0.0,0
2012-06-20,EA,12.577613,12.7268715,12.478106,12.597513,3288000,0.0,0
2012-06-21,EA,12.597512,12.617414,11.920869,11.94077,4727500,0.0,0
2012-06-22,EA,11.6124,12.298993,11.6124,12.199488,14252900,0.0,0
2012-06-25,EA,11.950721,12.129832,11.731807,12.060178,5123900,0.0,0
2012-06-26,EA,12.030325,12.139782,11.871115,11.910917,3427000,0.0,0
2012-06-27,EA,11.94077,12.119883,11.8213625,12.050227,3131400,0.0,0
2012-06-28,EA,11.950722,12.0402775,11.682054,11.831314,2644100,0.0,0
2012-06-29,EA,12.09998,12.308944,11.871117,12.289043,6509300,0.0,0
2012-07-02,EA,12.298993,12.318894,11.990523,12.219388,3262900,0.0,0
2012-07-03,EA,12.199487,12.537808,12.199487,12.527858,1484500,0.0,0
2012-07-05,EA,12.478105,12.537808,12.308944,12.328845,2069500,0.0,0
2012-07-06,EA,12.209439,12.279094,11.781562,11.960673,2495400,0.0,0
2012-07-09,EA,11.960671,12.020374,11.632299,11.881065,3667200,0.0,0
2012-07-10,EA,11.970622,12.080079,11.443238,11.532794,2989400,0.0,0
2012-07-11,EA,11.562646,11.692004,11.46314,11.62235,2752900,0.0,0
2012-07-12,EA,11.662152,11.841264,11.303928,11.532794,4703100,0.0,0
2012-07-13,EA,11.562646,11.701955,11.542745,11.652202,2580100,0.0,0
2012-07-16,EA,11.612398,11.632299,11.433287,11.473089,3752400,0.0,0
2012-07-17,EA,11.532795,11.562646,11.224324,11.303929,3137500,0.0,0
2012-07-18,EA,11.284027,11.552694,11.254175,11.443237,6397700,0.0,0
2012-07-19,EA,11.492991,12.328846,11.47309,12.209438,6431100,0.0,0
2012-07-20,EA,12.159684,12.169634,11.871116,11.920868,4306500,0.0,0
2012-07-23,EA,11.662153,11.900968,11.542746,11.761659,4127000,0.0,0
2012-07-24,EA,11.721855,11.900967,11.403435,11.48304,3014000,0.0,0
2012-07-25,EA,11.46314,11.522843,11.234275,11.453189,3414200,0.0,0
2012-07-26,EA,11.542746,11.701956,10.806397,10.895953,10637800,0.0,0
2012-07-27,EA,10.98551,11.423338,10.876053,11.353683,11198500,0.0,0
2012-07-30,EA,11.234275,11.343732,11.055163,11.174571,5408700,0.0,0
2012-07-31,EA,11.045213,11.274077,10.716842,10.965608,8568100,0.0,0
2012-08-01,EA,11.443238,11.8213625,10.756644,11.62235,15327900,0.0,0
2012-08-02,EA,11.343732,11.692004,11.214375,11.31388,7875400,0.0,0
2012-08-03,EA,11.48304,12.000473,11.453188,11.910917,7498600,0.0,0
2012-08-06,EA,11.960671,12.229338,11.95072,12.139782,4564800,0.0,0
2012-08-07,EA,12.179585,12.806476,12.179585,12.726871,9081700,0.0,0
2012-08-08,EA,12.657217,12.896031,12.627364,12.87613,7959700,0.0,0
2012-08-09,EA,12.846279,13.095045,12.796526,13.055243,7442900,0.0,0
2012-08-10,EA,13.045291,13.065192,12.886081,13.015439,3851800,0.0,0
2012-08-13,EA,13.045292,13.055243,12.677118,12.806477,4047600,0.0,0
2012-08-14,EA,12.955736,12.995539,12.587562,12.647265,3288400,0.0,0
2012-08-15,EA,12.647266,13.0850935,12.567661,13.025391,4252400,0.0,0
2012-08-16,EA,14.239368,14.318974,13.552773,13.741837,19948300,0.0,0
2012-08-17,EA,13.8811455,13.9309,13.622429,13.702035,5952500,0.0,0
2012-08-20,EA,13.622429,13.662231,13.234355,13.493072,4627700,0.0,0
2012-08-21,EA,13.552774,13.582626,13.3040085,13.493072,5335200,0.0,0
2012-08-22,EA,13.413465,13.6622305,13.32391,13.373662,4132300,0.0,0
2012-08-23,EA,13.304008,13.323909,13.015439,13.1846,4642000,0.0,0
2012-08-24,EA,13.184601,13.373663,13.055243,13.264206,3884300,0.0,0
2012-08-27,EA,13.264206,13.284107,12.836328,12.86618,4121900,0.0,0
2012-08-28,EA,12.955736,13.02539,12.726871,12.766673,4088500,0.0,0
2012-08-29,EA,12.836327,12.945785,12.577611,12.786574,2781200,0.0,0
2012-08-30,EA,12.736821,13.055242,12.637315,12.935834,4421600,0.0,0
2012-08-31,EA,12.657217,13.463219,12.5079565,13.264206,8415800,0.0,0
2012-09-04,EA,13.154749,13.224402,12.657216,12.965686,5392400,0.0,0
2012-09-05,EA,12.846278,13.134847,12.806476,13.075144,3669800,0.0,0
2012-09-06,EA,13.264205,13.871194,13.164698,13.562724,8820900,0.0,0
2012-09-07,EA,13.582625,13.980652,13.473169,13.970701,6337700,0.0,0
2012-09-10,EA,13.891096,13.9508,13.63238,13.771688,5765900,0.0,0
2012-09-11,EA,13.682133,13.841342,13.682133,13.741837,6299100,0.0,0
2012-09-12,EA,13.841343,14.110011,13.672182,13.920948,9692400,0.0,0
2012-09-13,EA,13.920948,14.25927,13.80154,14.169714,5249000,0.0,0
2012-09-14,EA,14.139862,14.5677395,14.139862,14.428431,8743000,0.0,0
2012-09-17,EA,14.428431,14.438381,14.000553,14.139862,3596200,0.0,0
2012-09-18,EA,14.189616,14.189616,13.811492,13.9309,3780200,0.0,0
2012-09-19,EA,14.030405,14.030405,13.791589,13.861244,3838300,0.0,0
2012-09-20,EA,13.821441,13.891095,13.284106,13.413464,7350300,0.0,0
2012-09-21,EA,13.522922,13.612477,13.03534,13.174648,6691300,0.0,0
2012-09-24,EA,13.045292,13.294058,12.945786,13.244306,7611200,0.0,0
2012-09-25,EA,13.274158,13.333861,12.607465,12.617415,6871900,0.0,0
2012-09-26,EA,12.358697,12.786574,12.070128,12.537808,7146100,0.0,0
2012-09-27,EA,12.607463,12.86618,12.607463,12.71692,6531900,0.0,0
2012-09-28,EA,12.627364,12.657217,12.388549,12.627364,4994400,0.0,0
2012-10-01,EA,12.667167,12.796525,12.269142,12.289043,4965100,0.0,0
2012-10-02,EA,12.348747,12.627365,12.289044,12.587563,4877600,0.0,0
2012-10-03,EA,12.637314,12.826377,12.547758,12.786574,5394000,0.0,0
2012-10-04,EA,12.746773,12.985587,12.597512,12.965686,5454600,0.0,0
2012-10-05,EA,12.985587,13.104995,12.796525,12.886081,4357300,0.0,0
2012-10-08,EA,12.796525,13.005488,12.786575,12.915933,3074300,0.0,0
2012-10-09,EA,12.9457855,13.055243,12.85623,12.9457855,4680800,0.0,0
2012-10-10,EA,12.915933,12.985588,12.756722,12.826378,5503300,0.0,0
2012-10-11,EA,12.856229,13.04529,12.786574,12.985587,4548500,0.0,0
2012-10-12,EA,13.075143,13.363711,12.965686,13.34381,5363600,0.0,0
2012-10-15,EA,13.443317,13.652281,13.204502,13.622428,4213500,0.0,0
2012-10-16,EA,13.662231,13.910997,13.602528,13.910997,4279300,0.0,0
2012-10-17,EA,13.542824,13.910997,13.542824,13.80154,4174900,0.0,0
2012-10-18,EA,13.761737,13.861243,13.602527,13.761737,3522900,0.0,0
2012-10-19,EA,13.682132,13.721934,12.935834,13.015439,6062300,0.0,0
2012-10-22,EA,13.075143,13.234353,12.826377,12.985587,5551600,0.0,0
2012-10-23,EA,12.816427,13.035341,12.617414,12.70697,4982200,0.0,0
2012-10-24,EA,12.776624,12.87613,12.289042,12.358697,7540300,0.0,0
2012-10-25,EA,12.458203,12.57761,12.020374,12.149733,6965500,0.0,0
2012-10-26,EA,11.910918,12.060178,11.741757,11.851214,5942900,0.0,0
2012-10-31,EA,11.851214,12.338796,11.841264,12.289043,7836500,0.0,0
2012-11-01,EA,12.289042,12.965686,12.219387,12.935834,6895800,0.0,0
2012-11-02,EA,12.9756365,13.035341,12.816426,12.925883,6572000,0.0,0
2012-11-05,EA,12.896031,13.134847,12.886081,13.134847,5539200,0.0,0
2012-11-06,EA,13.214453,13.811492,13.134848,13.692084,7097100,0.0,0
2012-11-07,EA,13.50302,13.582625,13.304008,13.373662,7273000,0.0,0
2012-11-08,EA,13.244305,13.433366,12.846278,12.846278,4731600,0.0,0
2012-11-09,EA,12.86618,13.075144,12.816427,12.826378,4648900,0.0,0
2012-11-12,EA,12.915932,13.04529,12.786574,12.955735,2176700,0.0,0
2012-11-13,EA,12.846278,12.985588,12.826378,12.915933,3266400,0.0,0
2012-11-14,EA,12.9457855,13.045292,12.667168,12.687069,3457900,0.0,0
2012-11-15,EA,12.716919,13.04529,12.657216,12.985587,5083800,0.0,0
2012-11-16,EA,13.085093,13.144797,12.856229,12.985587,5742100,0.0,0
2012-11-19,EA,13.154749,13.721935,13.045291,13.64233,5432400,0.0,0
2012-11-20,EA,13.562724,13.81149,13.522922,13.791589,4626900,0.0,0
2012-11-21,EA,13.702035,14.050307,13.652282,13.901048,5011100,0.0,0
2012-11-23,EA,13.940849,14.378677,13.891096,14.299072,2694600,0.0,0
2012-11-26,EA,14.199567,14.597592,14.189616,14.527938,5658200,0.0,0
2012-11-27,EA,14.488134,14.796603,14.299071,14.667245,5595000,0.0,0
2012-11-28,EA,14.707049,14.975717,14.438382,14.955815,5355300,0.0,0
2012-11-29,EA,15.154828,15.244384,14.896112,14.955815,6655700,0.0,0
2012-11-30,EA,14.985667,15.02547,14.697099,14.736901,4638100,0.0,0
2012-12-03,EA,14.796603,14.866258,14.418479,14.4582815,4945000,0.0,0
2012-12-04,EA,14.458282,14.498085,14.169714,14.368727,3894600,0.0,0
2012-12-05,EA,14.508037,14.756803,14.4284315,14.55779,4915300,0.0,0
2012-12-06,EA,14.587641,14.756802,14.508036,14.746851,3913000,0.0,0
2012-12-07,EA,14.756802,14.876209,14.577689,14.766752,3678100,0.0,0
2012-12-10,EA,14.647346,14.975717,14.647346,14.746851,3514100,0.0,0
2012-12-11,EA,14.826455,15.134925,14.806554,15.075221,8978400,0.0,0
2012-12-12,EA,15.095123,15.333939,15.095123,15.2543335,5259900,0.0,0
2012-12-13,EA,15.284186,15.393643,15.105075,15.174729,2907300,0.0,0
2012-12-14,EA,15.105074,15.333939,15.015518,15.224482,3272100,0.0,0
2012-12-17,EA,15.224483,15.393643,15.134927,15.34389,4600500,0.0,0
2012-12-18,EA,15.294136,15.423494,14.697099,14.836407,6966900,0.0,0
2012-12-19,EA,14.925963,15.0055685,14.289122,14.328924,5953200,0.0,0
2012-12-20,EA,14.388628,14.388628,13.692083,13.871194,8262700,0.0,0
2012-12-21,EA,13.672181,13.901047,13.34381,13.821442,18432600,0.0,0
2012-12-24,EA,13.81149,14.12991,13.801539,14.040355,2928000,0.0,0
2012-12-26,EA,14.060256,14.189614,13.9906025,14.090108,3512000,0.0,0
2012-12-27,EA,14.020455,14.179666,13.711985,13.950801,4006300,0.0,0
2012-12-28,EA,13.811491,13.970701,13.721935,13.851294,2164300,0.0,0
2012-12-31,EA,13.821442,14.478184,13.761737,14.448332,7190800,0.0,0
2013-01-02,EA,14.697099,14.856309,14.309024,14.478185,6881000,0.0,0
2013-01-03,EA,14.4582815,14.7369,14.43838,14.667245,3664600,0.0,0
2013-01-04,EA,14.687148,14.87621,14.627444,14.806556,3348500,0.0,0
2013-01-07,EA,14.189615,14.527938,14.189615,14.378677,3863300,0.0,0
2013-01-08,EA,14.169715,14.229419,13.702035,13.702035,5110000,0.0,0
2013-01-09,EA,13.711984,13.781639,13.50302,13.632379,3892500,0.0,0
2013-01-10,EA,13.731887,13.94085,13.682134,13.9309,3207900,0.0,0
2013-01-11,EA,13.63238,14.25927,13.224403,14.169714,6496800,0.0,0
2013-01-14,EA,14.159763,14.4284315,14.080158,14.358777,4188700,0.0,0
2013-01-15,EA,14.229418,14.547838,14.1000595,14.537888,2535400,0.0,0
2013-01-16,EA,14.517987,14.697099,14.338875,14.527938,2529900,0.0,0
2013-01-17,EA,14.58764,14.726949,14.398578,14.43838,3157400,0.0,0
2013-01-18,EA,14.468233,14.647345,14.328924,14.388628,3183700,0.0,0
2013-01-22,EA,14.388629,14.41848,14.239369,14.358777,3284800,0.0,0
2013-01-23,EA,14.448332,14.537888,13.920948,13.980652,4998500,0.0,0
2013-01-24,EA,13.980652,14.289121,13.9508,14.189615,4638500,0.0,0
2013-01-25,EA,14.239369,14.846358,14.239369,14.697099,3966000,0.0,0
2013-01-28,EA,14.906062,15.02547,14.57769,14.965766,8397100,0.0,0
2013-01-29,EA,15.105074,15.105074,14.74685,14.876208,5391600,0.0,0
2013-01-30,EA,14.866259,15.403593,14.866259,15.005568,8508700,0.0,0
2013-01-31,EA,14.557789,16.100138,14.547838,15.652359,12537800,0.0,0
2013-02-01,EA,15.542901,16.169792,15.36379,16.110088,9353700,0.0,0
2013-02-04,EA,15.930978,16.11009,15.861323,15.921027,3720200,0.0,0
2013-02-05,EA,16.169792,17.164856,16.080236,16.806633,11244000,0.0,0
2013-02-06,EA,17.095205,17.095205,16.71708,16.796684,5423900,0.0,0
2013-02-07,EA,16.826534,16.945944,16.637472,16.786734,3101000,0.0,0
2013-02-08,EA,16.965843,17.423574,16.776783,17.284266,4846300,0.0,0
2013-02-11,EA,17.21461,17.513128,17.045448,17.324066,4414900,0.0,0
2013-02-12,EA,17.294216,17.503181,17.194712,17.453428,4443500,0.0,0
2013-02-13,EA,17.304167,17.463377,16.975796,17.085253,5300200,0.0,0
2013-02-14,EA,17.04545,17.274317,16.89619,17.065351,5668200,0.0,0
2013-02-15,EA,17.06535,17.095203,16.74693,16.886238,5481100,0.0,0
2013-02-19,EA,16.965845,17.662392,16.916094,17.503181,4936300,0.0,0
2013-02-20,EA,17.423573,17.662388,17.36387,17.39372,5319900,0.0,0
2013-02-21,EA,17.562883,17.83155,17.075302,17.552933,10889900,0.0,0
2013-02-22,EA,17.582783,17.781797,17.582783,17.722092,3526200,0.0,0
2013-02-25,EA,17.751945,17.941008,17.602686,17.612637,5689900,0.0,0
2013-02-26,EA,17.67234,17.732044,17.36387,17.602686,4560000,0.0,0
2013-02-27,EA,17.562883,18.11017,17.324068,18.030565,5373400,0.0,0
2013-02-28,EA,17.503181,17.911158,17.433527,17.443478,7160500,0.0,0
2013-03-01,EA,17.443476,17.990759,17.334017,17.950958,5916800,0.0,0
2013-03-04,EA,17.881304,18.209675,17.841503,18.11017,4846700,0.0,0
2013-03-05,EA,18.249477,18.806713,18.209673,18.418638,4899100,0.0,0
2013-03-06,EA,18.538044,18.776861,18.358934,18.528095,3182600,0.0,0
2013-03-07,EA,18.46839,18.846516,18.348984,18.61765,4026400,0.0,0
2013-03-08,EA,18.657454,18.727108,18.388786,18.488293,3831300,0.0,0
2013-03-11,EA,18.488293,19.413704,18.488293,19.035578,7736200,0.0,0
2013-03-12,EA,18.965925,19.154987,18.89627,19.154987,3948000,0.0,0
2013-03-13,EA,18.946024,19.055481,18.697258,18.846518,5548100,0.0,0
2013-03-14,EA,18.975876,19.264444,18.856468,19.244543,3483500,0.0,0
2013-03-15,EA,19.234589,19.244541,18.776861,18.78681,5657900,0.0,0
2013-03-18,EA,18.6077,18.677355,18.32908,18.61765,5077800,0.0,0
2013-03-19,EA,18.617651,18.756962,16.846437,17.065351,20063900,0.0,0
2013-03-20,EA,17.095201,17.324066,16.995695,17.254412,5450700,0.0,0
2013-03-21,EA,17.493229,17.901205,17.453426,17.612637,5885400,0.0,0
2013-03-22,EA,17.592735,17.94101,17.592735,17.881304,4712400,0.0,0
2013-03-25,EA,18.030563,18.050463,17.423573,17.473326,4829200,0.0,0
2013-03-26,EA,18.02061,18.060413,17.602684,17.68229,4608200,0.0,0
2013-03-27,EA,17.67234,17.741993,17.38377,17.702192,2673600,0.0,0
2013-03-28,EA,17.54298,17.642487,17.304165,17.612637,6487400,0.0,0
2013-04-01,EA,17.523079,17.931055,17.523079,17.831549,4288600,0.0,0
2013-04-02,EA,17.662388,17.851452,17.34397,17.463375,3959800,0.0,0
2013-04-03,EA,17.463377,17.50318,17.105154,17.154907,4527900,0.0,0
2013-04-04,EA,17.254412,17.304165,17.025547,17.164856,4305700,0.0,0
2013-04-05,EA,17.055397,17.284264,16.91609,17.264362,2580200,0.0,0
2013-04-08,EA,17.244463,17.294214,16.896189,17.18476,2726300,0.0,0
2013-04-09,EA,17.274315,17.423574,17.154905,17.36387,1778500,0.0,0
2013-04-10,EA,17.324066,17.751944,17.19471,17.712141,3976300,0.0,0
2013-04-11,EA,17.871353,17.871353,17.513132,17.542982,3190300,0.0,0
2013-04-12,EA,17.443476,17.52308,17.254414,17.493229,2168800,0.0,0
2013-04-15,EA,17.413622,17.513128,16.816584,16.826534,4218000,0.0,0
2013-04-16,EA,17.015598,17.38377,16.786734,17.284266,4366000,0.0,0
2013-04-17,EA,17.065351,17.224562,16.756882,16.926043,4159700,0.0,0
2013-04-18,EA,16.935991,17.015596,16.667324,16.856386,2282400,0.0,0
2013-04-19,EA,16.796682,17.065351,16.56782,17.005648,2654300,0.0,0
2013-04-22,EA,17.0156,17.284267,16.677279,17.194712,3144600,0.0,0
2013-04-23,EA,17.204659,17.503178,17.055399,17.334017,2200300,0.0,0
2013-04-24,EA,17.343967,17.771847,17.334017,17.712141,2525900,0.0,0
2013-04-25,EA,17.771847,17.970858,17.702192,17.851452,3347300,0.0,0
2013-04-26,EA,17.871351,18.030563,17.771847,17.791746,3222300,0.0,0
2013-04-29,EA,17.801695,17.911154,17.622583,17.68229,2157400,0.0,0
2013-04-30,EA,17.682291,17.702192,17.274315,17.52308,2409300,0.0,0
2013-05-01,EA,17.50318,17.562881,17.0753,17.21461,2412100,0.0,0
2013-05-02,EA,17.304167,17.453428,17.065351,17.453428,2373200,0.0,0
2013-05-03,EA,17.602686,18.040512,17.592735,17.871351,6220600,0.0,0
2013-05-06,EA,17.582785,18.219625,17.533033,18.199726,4307500,0.0,0
2013-05-07,EA,18.75696,18.75696,17.960909,18.319132,8074800,0.0,0
2013-05-08,EA,19.70227,21.57299,19.70227,21.453583,22314500,0.0,0
2013-05-09,EA,20.936152,21.781954,20.846596,21.533188,11145700,0.0,0
2013-05-10,EA,21.393879,22.458597,21.344126,22.369041,9168300,0.0,0
2013-05-13,EA,22.160078,22.369041,21.344126,21.632694,7215100,0.0,0
2013-05-14,EA,21.6924,22.31929,21.672499,22.299389,4407600,0.0,0
2013-05-15,EA,21.931215,22.727264,21.911312,22.528252,4810200,0.0,0
2013-05-16,EA,22.488451,22.587957,21.891413,21.911314,4394200,0.0,0
2013-05-17,EA,21.642645,22.239685,21.393879,22.100374,5621100,0.0,0
2013-05-20,EA,21.891413,22.219784,21.662548,21.68245,4693500,0.0,0
2013-05-21,EA,21.523237,22.4785,21.473484,21.861559,6469900,0.0,0
2013-05-22,EA,22.020771,22.657612,21.572992,21.642647,6620500,0.0,0
2013-05-23,EA,21.483435,22.587957,21.393879,22.538202,5805900,0.0,0
2013-05-24,EA,22.160082,22.866577,22.150131,22.657614,6061000,0.0,0
2013-05-28,EA,22.876528,23.413862,22.657614,23.145195,6106400,0.0,0
2013-05-29,EA,23.125294,23.364109,22.846676,23.045689,4520900,0.0,0
2013-05-30,EA,22.926277,23.42381,22.916327,23.234747,3288300,0.0,0
2013-05-31,EA,23.075539,23.483515,22.876526,22.876526,4526000,0.0,0
2013-06-03,EA,22.896427,22.995934,22.398895,22.876526,3861700,0.0,0
2013-06-04,EA,22.737219,23.015835,22.42875,22.607859,4815400,0.0,0
2013-06-05,EA,22.647661,22.886475,22.458597,22.767067,3446800,0.0,0
2013-06-06,EA,22.717316,23.165094,22.597906,23.165094,3556000,0.0,0
2013-06-07,EA,23.38401,23.54322,23.115341,23.493467,3476200,0.0,0
2013-06-10,EA,23.483515,23.543219,22.687462,22.757118,3780500,0.0,0
2013-06-11,EA,22.62776,23.194946,22.428747,22.488451,3851900,0.0,0
2013-06-12,EA,22.677515,22.796923,21.324228,21.433685,6643000,0.0,0
2013-06-13,EA,21.423733,21.54314,20.846596,21.38393,7727700,0.0,0
2013-06-14,EA,21.383928,21.921265,21.344128,21.702349,3587900,0.0,0
2013-06-17,EA,21.7322,22.637709,21.7322,22.319288,4715600,0.0,0
2013-06-18,EA,22.30934,22.976032,22.30934,22.916328,4485600,0.0,0
2013-06-19,EA,22.846672,23.09544,22.717316,22.727266,3879100,0.0,0
2013-06-20,EA,22.498404,22.657614,22.030722,22.040672,3922900,0.0,0
2013-06-21,EA,22.040672,22.548155,21.642647,21.871511,5704300,0.0,0
2013-06-24,EA,21.781952,21.831707,21.224718,21.503336,3102600,0.0,0
2013-06-25,EA,21.742151,21.911312,21.45358,21.672497,2307100,0.0,0
2013-06-26,EA,21.971018,22.00087,21.543139,21.68245,2625900,0.0,0
2013-06-27,EA,21.851608,22.4785,21.831709,22.100374,2949100,0.0,0
2013-06-28,EA,21.821758,23.005886,21.821758,22.876526,7366900,0.0,0
2013-07-01,EA,22.777018,23.274551,22.757118,23.065588,3606600,0.0,0
2013-07-02,EA,23.08549,23.423811,22.876526,23.40391,3334700,0.0,0
2013-07-03,EA,23.165094,23.44371,23.075539,23.194944,2064700,0.0,0
2013-07-05,EA,23.38401,23.762135,23.204899,23.712381,1894300,0.0,0
2013-07-08,EA,23.77208,23.871586,23.055635,23.42381,3816800,0.0,0
2013-07-09,EA,23.612873,23.742233,23.284502,23.453663,2352600,0.0,0
2013-07-10,EA,23.393957,23.791983,23.224796,23.782032,3341700,0.0,0
2013-07-11,EA,23.981049,24.18006,23.533268,24.15021,3735700,0.0,0
2013-07-12,EA,24.130304,24.36912,23.861637,24.199959,2703000,0.0,0
2013-07-15,EA,24.130306,24.239763,23.861637,24.070602,4182500,0.0,0
2013-07-16,EA,23.981047,24.269613,23.941242,24.070602,2719800,0.0,0
2013-07-17,EA,24.18006,24.18006,23.274551,23.692478,4703400,0.0,0
2013-07-18,EA,23.782034,24.32932,23.73228,24.04075,2216000,0.0,0
2013-07-19,EA,24.050703,24.229815,23.632776,24.15021,1881700,0.0,0
2013-07-22,EA,24.339268,24.339268,23.782034,23.89149,3073100,0.0,0
2013-07-23,EA,24.30942,24.30942,23.68253,23.712381,3739600,0.0,0
2013-07-24,EA,25.09552,26.846832,25.08557,25.284582,15658200,0.0,0
2013-07-25,EA,25.135323,25.324385,24.389023,24.518381,5764000,0.0,0
2013-07-26,EA,24.259663,25.821917,24.229813,25.692556,6655900,0.0,0
2013-07-29,EA,25.28458,25.73236,25.224876,25.354235,3011200,0.0,0
2013-07-30,EA,25.642805,26.399055,25.413942,25.941324,7516200,0.0,0
2013-07-31,EA,25.871668,26.289595,25.802013,25.991076,4136700,0.0,0
2013-08-01,EA,26.200039,26.53836,25.94132,26.399052,4934900,0.0,0
2013-08-02,EA,26.51846,26.51846,26.010977,26.438854,3633900,0.0,0
2013-08-05,EA,26.279644,26.757273,26.030876,26.399052,2610100,0.0,0
2013-08-06,EA,26.3692,26.627916,26.09058,26.309496,2271200,0.0,0
2013-08-07,EA,26.110483,26.389101,25.91147,26.20999,2015800,0.0,0
2013-08-08,EA,26.269695,26.727427,26.269695,26.50851,2817000,0.0,0
2013-08-09,EA,26.35925,26.717472,26.35925,26.51846,1502100,0.0,0
2013-08-12,EA,26.269697,26.717476,26.249794,26.548315,1554400,0.0,0
2013-08-13,EA,26.568214,26.637869,26.289595,26.418953,1733100,0.0,0
2013-08-14,EA,26.001028,26.66772,25.991077,26.528412,3318300,0.0,0
2013-08-15,EA,26.617964,26.617964,26.309496,26.349297,3814700,0.0,0
2013-08-16,EA,26.229893,26.82693,26.200039,26.757275,4219400,0.0,0
2013-08-19,EA,26.608015,26.936386,26.389101,26.438854,3308700,0.0,0
2013-08-20,EA,26.389101,27.78219,26.3692,26.617966,6260600,0.0,0
2013-08-21,EA,26.448807,26.747326,26.19009,26.528412,3303700,0.0,0
2013-08-22,EA,26.866732,27.802094,26.81698,27.642883,2959100,0.0,0
2013-08-23,EA,27.831944,27.991154,27.692635,27.831944,3759300,0.0,0
2013-08-26,EA,27.931452,27.971254,27.483673,27.722488,2931100,0.0,0
2013-08-27,EA,27.354313,27.632933,26.82693,26.856781,4285700,0.0,0
2013-08-28,EA,26.727425,27.115498,26.52841,26.99609,2145900,0.0,0
2013-08-29,EA,26.99609,27.563278,26.906536,27.433918,2784900,0.0,0
2013-08-30,EA,26.846832,27.065748,26.428905,26.50851,2997300,0.0,0
2013-09-03,EA,26.896584,27.50357,26.896584,27.224955,3014100,0.0,0
2013-09-04,EA,27.354315,27.861797,26.96624,27.851847,3311600,0.0,0
2013-09-05,EA,27.632933,27.861797,27.503574,27.543377,1690500,0.0,0
2013-09-06,EA,27.234907,27.27471,26.329397,26.627918,5234900,0.0,0
2013-09-09,EA,26.79708,27.234907,26.508509,26.97619,3585400,0.0,0
2013-09-10,EA,27.224957,27.304562,26.697573,26.81698,3072500,0.0,0
2013-09-11,EA,26.777176,26.916485,26.130386,26.578163,4093100,0.0,0
2013-09-12,EA,26.578163,26.627918,26.100533,26.259743,3597500,0.0,0
2013-09-13,EA,26.409004,27.045845,26.389103,26.538363,3537300,0.0,0
2013-09-16,EA,26.906534,27.18515,26.717472,26.826927,3631300,0.0,0
2013-09-17,EA,26.737375,27.613031,26.508509,27.463772,4402700,0.0,0
2013-09-18,EA,27.364265,27.44387,26.438854,26.727425,5299600,0.0,0
2013-09-19,EA,26.926437,27.105549,26.598066,26.846832,2569600,0.0,0
2013-09-20,EA,26.886633,26.936384,26.299545,26.409002,4571000,0.0,0
2013-09-23,EA,26.299547,26.568214,26.050781,26.060732,3160000,0.0,0
2013-09-24,EA,26.140337,26.548313,26.080631,26.418953,3328400,0.0,0
2013-09-25,EA,26.409004,26.757277,26.140337,26.468708,1695600,0.0,0
2013-09-26,EA,26.568214,26.747324,26.001026,26.020927,2884500,0.0,0
2013-09-27,EA,25.941322,26.110485,25.42389,25.821917,4746800,0.0,0
2013-09-30,EA,25.463692,25.632854,25.035814,25.42389,5138800,0.0,0
2013-10-01,EA,25.5632,26.409004,25.42389,26.289597,5933900,0.0,0
2013-10-02,EA,25.692554,25.861717,24.936306,25.493544,6100300,0.0,0
2013-10-03,EA,25.523396,25.632853,24.926357,24.95621,3791300,0.0,0
2013-10-04,EA,24.996016,25.772165,24.93631,25.632856,2814500,0.0,0
2013-10-07,EA,25.11542,25.473642,24.996012,25.12537,3633100,0.0,0
2013-10-08,EA,25.135323,25.264679,23.941244,23.951195,5554700,0.0,0
2013-10-09,EA,24.06065,24.160158,23.563118,24.030798,4026900,0.0,0
2013-10-10,EA,24.408924,25.115417,24.349218,25.095516,3843000,0.0,0
2013-10-11,EA,25.085566,25.165173,24.49848,24.597984,4891400,0.0,0
2013-10-14,EA,24.458677,24.548233,24.160158,24.468628,5349800,0.0,0
2013-10-15,EA,24.229813,24.52833,23.821836,23.851686,6468800,0.0,0
2013-10-16,EA,23.971096,24.64774,23.911392,24.090502,5751000,0.0,0
2013-10-17,EA,23.831789,24.448727,23.821838,24.408926,4001300,0.0,0
2013-10-18,EA,24.588034,24.946257,24.398973,24.906456,4125700,0.0,0
2013-10-21,EA,24.97611,25.11542,24.34922,24.379072,4032800,0.0,0
2013-10-22,EA,24.369122,25.523396,23.88154,25.105469,7725100,0.0,0
2013-10-23,EA,25.095516,25.12537,24.289516,24.48853,3167700,0.0,0
2013-10-24,EA,24.578087,24.787048,24.379072,24.617887,2648200,0.0,0
2013-10-25,EA,24.747248,25.025866,24.448729,24.62784,2343900,0.0,0
2013-10-28,EA,24.538282,24.82685,24.418875,24.707443,4083900,0.0,0
2013-10-29,EA,24.846752,24.956211,23.831789,24.010899,6510900,0.0,0
2013-10-30,EA,26.001026,27.105547,25.563198,25.871668,12936900,0.0,0
2013-10-31,EA,25.722408,26.84683,25.573149,26.120434,9963800,0.0,0
2013-11-01,EA,26.110483,26.259743,25.005962,25.503494,10724900,0.0,0
2013-11-04,EA,25.543297,25.722408,25.234827,25.603,4329400,0.0,0
2013-11-05,EA,25.503494,25.5632,25.155224,25.43384,4449100,0.0,0
2013-11-06,EA,25.583101,25.752262,25.443792,25.612953,3679900,0.0,0
2013-11-07,EA,25.612951,25.722408,25.175123,25.204975,4929000,0.0,0
2013-11-08,EA,25.234827,25.821915,25.025862,25.573149,3349500,0.0,0
2013-11-11,EA,25.543297,25.861717,25.244778,25.861717,2643800,0.0,0
2013-11-12,EA,25.821915,26.498556,25.672653,26.309496,4179500,0.0,0
2013-11-13,EA,26.20004,26.359251,25.991077,26.289597,2754100,0.0,0
2013-11-14,EA,26.259743,26.319448,25.642805,25.831865,2817700,0.0,0
2013-11-15,EA,25.612953,25.811966,23.752184,23.941244,11144400,0.0,0
2013-11-18,EA,24.0308,24.45868,23.851688,24.00095,7690600,0.0,0
2013-11-19,EA,23.841738,24.130306,22.976032,23.204897,7940700,0.0,0
2013-11-20,EA,23.25465,23.384007,22.727264,22.886475,5860100,0.0,0
2013-11-21,EA,22.91633,23.473564,22.568056,23.274551,4615200,0.0,0
2013-11-22,EA,23.324305,23.44371,22.607857,23.025784,4697600,0.0,0
2013-11-25,EA,23.045687,23.204897,22.488451,22.667562,4066400,0.0,0
2013-11-26,EA,22.578005,23.065586,22.329239,22.408844,5231200,0.0,0
2013-11-27,EA,22.408848,22.528254,21.931217,22.000872,5061100,0.0,0
2013-11-29,EA,21.980967,22.369041,21.88146,22.060572,2471100,0.0,0
2013-12-02,EA,22.170033,22.269537,21.732203,21.791906,5386300,0.0,0
2013-12-03,EA,21.6725,22.080477,21.364029,21.433685,5720100,0.0,0
2013-12-04,EA,21.612793,22.289438,21.254572,22.229734,6561900,0.0,0
2013-12-05,EA,21.423733,21.443634,20.368963,20.9063,12841600,0.0,0
2013-12-06,EA,21.324224,22.458597,20.9461,22.130226,8260600,0.0,0
2013-12-09,EA,21.911314,22.339191,21.781954,22.080475,4538500,0.0,0
2013-12-10,EA,21.961067,22.239687,21.781956,21.951117,3405900,0.0,0
2013-12-11,EA,21.971018,22.120277,20.936153,20.975954,8159300,0.0,0
2013-12-12,EA,20.9461,21.145113,20.677435,20.866495,5213700,0.0,0
2013-12-13,EA,21.682447,23.105387,21.582941,22.110323,8719800,0.0,0
2013-12-16,EA,22.090427,22.269537,21.742153,21.951117,6999400,0.0,0
2013-12-17,EA,21.99092,22.727266,21.971018,22.63771,4517800,0.0,0
2013-12-18,EA,22.717318,23.2646,22.528254,22.74717,8074200,0.0,0
2013-12-19,EA,22.737217,23.543219,22.548155,23.304403,6452000,0.0,0
2013-12-20,EA,23.354153,23.503414,22.916327,23.42381,9411800,0.0,0
2013-12-23,EA,23.533266,23.88154,23.463614,23.742231,3941900,0.0,0
2013-12-24,EA,23.811888,23.85169,23.602924,23.712381,1076300,0.0,0
2013-12-26,EA,23.772083,23.851688,23.423811,23.55317,1778200,0.0,0
2013-12-27,EA,23.592974,23.652678,22.946182,23.05564,3003900,0.0,0
2013-12-30,EA,23.025784,23.155144,22.627758,22.777018,4375300,0.0,0
2013-12-31,EA,22.886477,23.045687,22.518301,22.826773,3337400,0.0,0
2014-01-02,EA,22.786968,22.846672,22.319288,22.717314,3550700,0.0,0
2014-01-03,EA,22.767065,22.985981,22.388943,22.568054,3112600,0.0,0
2014-01-06,EA,22.697412,22.916328,21.980968,22.418797,4300900,0.0,0
2014-01-07,EA,22.568054,23.264597,22.418795,22.985981,3963000,0.0,0
2014-01-08,EA,23.025784,23.334255,22.995934,23.194944,3022200,0.0,0
2014-01-09,EA,23.304403,23.57307,22.508352,22.63771,2788700,0.0,0
2014-01-10,EA,22.677513,22.916328,22.597906,22.896427,2026700,0.0,0
2014-01-13,EA,22.89643,22.90638,22.219784,22.269537,4041200,0.0,0
2014-01-14,EA,22.488453,22.488453,21.473486,22.349142,9022600,0.0,0
2014-01-15,EA,22.488451,22.737217,21.781956,21.821758,5948900,0.0,0
2014-01-16,EA,21.752106,21.931217,21.145115,21.433685,9347800,0.0,0
2014-01-17,EA,22.916328,24.170109,22.856623,23.981047,13893900,0.0,0
2014-01-21,EA,24.120354,24.468626,23.891489,24.199959,7515100,0.0,0
2014-01-22,EA,24.150208,24.269615,23.901442,24.050701,4097900,0.0,0
2014-01-23,EA,23.831789,24.15021,23.513367,23.752184,2630800,0.0,0
2014-01-24,EA,23.523315,23.841734,23.27455,23.722328,5559800,0.0,0
2014-01-27,EA,23.861639,24.468628,23.612873,24.34922,8220300,0.0,0
2014-01-28,EA,24.428825,24.886557,24.31937,24.747248,14116500,0.0,0
2014-01-29,EA,24.906456,25.93137,24.53828,25.095516,14164800,0.0,0
2014-01-30,EA,25.214926,26.09058,25.175121,25.90152,6994800,0.0,0
2014-01-31,EA,25.802013,26.727425,25.493544,26.269693,8244600,0.0,0
2014-02-03,EA,26.229889,26.518457,25.443789,25.951271,7050400,0.0,0
2014-02-04,EA,26.359251,26.65777,26.03088,26.050781,9151300,0.0,0
2014-02-05,EA,25.921421,26.349298,25.682606,26.030878,6565200,0.0,0
2014-02-06,EA,25.57315,26.51846,25.43384,26.329397,6423300,0.0,0
2014-02-07,EA,26.48861,27.563278,26.329397,27.065746,9164600,0.0,0
2014-02-10,EA,26.627918,27.264757,26.48861,26.747324,4858000,0.0,0
2014-02-11,EA,26.797077,27.414017,26.319447,27.274708,4909700,0.0,0
2014-02-12,EA,27.234907,27.742388,27.205055,27.722488,3272900,0.0,0
2014-02-13,EA,27.384169,27.60308,27.065748,27.42397,2957800,0.0,0
2014-02-14,EA,27.483673,27.662785,27.314512,27.44387,3606300,0.0,0
2014-02-18,EA,27.473724,28.359331,27.433922,28.259825,3535600,0.0,0
2014-02-19,EA,28.040909,28.299625,27.75234,27.772242,3398400,0.0,0
2014-02-20,EA,27.861797,28.001104,27.533426,27.652834,4224800,0.0,0
2014-02-21,EA,27.662786,28.070763,27.662786,27.8618,3743800,0.0,0
2014-02-24,EA,27.891651,28.19017,27.812046,27.821995,2294100,0.0,0
2014-02-25,EA,27.9016,28.021008,27.533426,27.961304,3410200,0.0,0
2014-02-26,EA,28.050858,28.588192,27.861795,28.130463,4889500,0.0,0
2014-02-27,EA,28.011055,28.488686,27.682684,28.399132,2909500,0.0,0
2014-02-28,EA,28.180218,28.56829,28.150366,28.448885,4761800,0.0,0
2014-03-03,EA,28.32948,28.359331,27.821995,27.951355,2885400,0.0,0
2014-03-04,EA,28.289675,28.717554,28.229973,28.667799,5976000,0.0,0
2014-03-05,EA,28.757355,28.966318,28.51854,28.946417,3993400,0.0,0
2014-03-06,EA,29.145432,29.503653,29.026024,29.065825,3344400,0.0,0
2014-03-07,EA,29.29469,29.34444,28.797157,29.234983,3493900,0.0,0
2014-03-10,EA,29.15538,29.334492,28.876764,29.065825,4452000,0.0,0
2014-03-11,EA,29.035973,29.752419,29.026022,29.652912,7184800,0.0,0
2014-03-12,EA,29.294691,29.951433,29.155382,29.832026,5355300,0.0,0
2014-03-13,EA,29.215086,29.772322,29.16533,29.563356,11987900,0.0,0
2014-03-14,EA,29.702665,30.319605,29.274788,29.4539,7353900,0.0,0
2014-03-17,EA,29.513605,30.279804,29.513605,29.951433,3341800,0.0,0
2014-03-18,EA,29.911629,30.2201,29.911629,30.09074,1996000,0.0,0
2014-03-19,EA,30.04099,30.319607,29.73252,30.080791,2502800,0.0,0
2014-03-20,EA,29.991234,30.220098,29.61311,30.10069,2308700,0.0,0
2014-03-21,EA,30.409163,30.409163,29.463852,29.60316,5013000,0.0,0
2014-03-24,EA,29.742468,29.901678,28.6877,28.856861,4895400,0.0,0
2014-03-25,EA,29.095675,29.443949,28.807108,29.14543,3240900,0.0,0
2014-03-26,EA,29.225037,29.294691,28.279724,28.428984,3653500,0.0,0
2014-03-27,EA,28.289675,28.478739,27.812046,28.339428,4833500,0.0,0
2014-03-28,EA,28.478739,28.886715,28.19017,28.389183,2716800,0.0,0
2014-03-31,EA,28.488688,29.195185,28.249872,28.866814,3594900,0.0,0
2014-04-01,EA,28.98622,29.344442,28.6479,29.324541,3056300,0.0,0
2014-04-02,EA,29.603159,29.603159,28.777254,28.986217,3291900,0.0,0
2014-04-03,EA,28.707602,29.404144,28.52849,28.727503,4281100,0.0,0
2014-04-04,EA,28.99617,29.205133,28.389181,28.458836,2994400,0.0,0
2014-04-07,EA,28.32948,28.618048,27.87175,28.20012,2930800,0.0,0
2014-04-08,EA,28.210068,28.747402,28.180216,28.588192,5502100,0.0,0
2014-04-09,EA,28.54839,28.747402,27.125448,28.021006,6942200,0.0,0
2014-04-10,EA,28.10061,28.190168,27.00604,27.085646,5461000,0.0,0
2014-04-11,EA,27.105549,27.105549,26.50851,26.538363,5703900,0.0,0
2014-04-14,EA,26.856781,27.314512,26.578163,27.145351,3278300,0.0,0
2014-04-15,EA,27.175203,27.42397,26.787128,27.334414,4202300,0.0,0
2014-04-16,EA,27.085646,27.483673,26.96624,27.453821,3320700,0.0,0
2014-04-17,EA,27.284658,27.47372,27.215004,27.433918,2735000,0.0,0
2014-04-21,EA,27.613031,28.040909,27.523476,27.841896,2570700,0.0,0
2014-04-22,EA,27.463772,28.09066,27.453821,27.981205,3260100,0.0,0
2014-04-23,EA,28.001106,28.120514,27.812046,28.011057,2785900,0.0,0
2014-04-24,EA,28.180218,28.289675,27.802094,27.961304,2187400,0.0,0
2014-04-25,EA,27.911549,28.190166,27.672733,28.070759,4894500,0.0,0
2014-04-28,EA,28.200119,28.279724,27.712538,28.040909,3811700,0.0,0
2014-04-29,EA,28.08071,28.110561,27.62298,27.9215,2756100,0.0,0
2014-04-30,EA,27.931452,28.210072,27.831945,28.160316,2648100,0.0,0
2014-05-01,EA,28.339428,28.876762,27.971254,28.598145,2833400,0.0,0
2014-05-02,EA,28.578243,28.767305,28.160316,28.35933,2388000,0.0,0
2014-05-05,EA,28.309578,28.6678,27.921501,28.618048,2488500,0.0,0
2014-05-06,EA,28.667799,28.82701,27.891651,27.91155,4627000,0.0,0
2014-05-07,EA,32.17043,33.862034,31.921663,33.782433,24834800,0.0,0
2014-05-08,EA,33.235146,34.697887,32.946575,34.110798,12508400,0.0,0
2014-05-09,EA,33.88193,35.07601,33.583416,34.94665,9362600,0.0,0
2014-05-12,EA,35.135715,35.284973,34.697884,35.135715,5541100,0.0,0
2014-05-13,EA,35.21532,35.47404,34.8173,34.86705,7488400,0.0,0
2014-05-14,EA,34.757595,34.827248,33.95159,33.961544,5763500,0.0,0
2014-05-15,EA,33.86203,34.071,33.434155,33.62322,5193400,0.0,0
2014-05-16,EA,33.73268,34.37947,33.543617,34.27001,4512800,0.0,0
2014-05-19,EA,33.712776,34.618282,33.563515,34.39937,3419300,0.0,0
2014-05-20,EA,33.842133,34.42922,33.832184,34.210308,4150600,0.0,0
2014-05-21,EA,34.12075,34.70784,34.02124,34.42922,2448800,0.0,0
2014-05-22,EA,34.071,34.62823,34.001343,34.39937,3281400,0.0,0
2014-05-23,EA,34.429214,34.797394,34.240154,34.707836,2293200,0.0,0
2014-05-27,EA,34.797398,34.99641,34.618286,34.906857,2776000,0.0,0
2014-05-28,EA,34.747635,34.976505,34.439167,34.528725,1823900,0.0,0
2014-05-29,EA,34.58843,34.668034,34.1307,34.58843,2381500,0.0,0
2014-05-30,EA,34.638184,34.966553,34.538673,34.956604,2886500,0.0,0
2014-06-02,EA,34.80735,34.98646,34.140656,34.389423,2117400,0.0,0
2014-06-03,EA,34.21031,34.568535,34.08095,34.558582,2062100,0.0,0
2014-06-04,EA,34.528725,35.20537,34.478973,34.777493,2447300,0.0,0
2014-06-05,EA,34.77749,34.82724,34.32971,34.608326,2197600,0.0,0
2014-06-06,EA,34.628235,34.837196,34.41927,34.677986,1769900,0.0,0
2014-06-09,EA,34.837196,34.906853,34.39937,34.73769,2690300,0.0,0
2014-06-10,EA,34.697887,35.6233,34.697887,35.523792,5076800,0.0,0
2014-06-11,EA,35.29493,35.683002,35.05611,35.33473,3465400,0.0,0
2014-06-12,EA,35.275024,35.573544,34.97651,35.05611,2807200,0.0,0
2014-06-13,EA,35.05611,35.563595,34.97651,35.50389,3007300,0.0,0
2014-06-16,EA,35.30488,35.722805,35.19542,35.523792,2306200,0.0,0
2014-06-17,EA,35.37453,36.777573,35.30488,36.608414,5933600,0.0,0
2014-06-18,EA,36.49895,37.00643,36.32979,36.966633,4080600,0.0,0
2014-06-19,EA,36.92683,37.076088,36.479053,36.887028,3328200,0.0,0
2014-06-20,EA,37.05619,37.05619,36.66811,36.95668,4861400,0.0,0
2014-06-23,EA,36.797474,36.926834,36.638268,36.717873,2719700,0.0,0
2014-06-24,EA,36.578556,36.767624,36.17058,36.180534,4090500,0.0,0
2014-06-25,EA,36.24023,36.568604,35.991467,36.32979,2965700,0.0,0
2014-06-26,EA,36.379547,36.39945,35.941715,36.090977,2194600,0.0,0
2014-06-27,EA,36.081028,36.289997,35.5636,35.712856,6837000,0.0,0
2014-06-30,EA,35.742702,35.82231,35.384483,35.69295,3521700,0.0,0
2014-07-01,EA,35.852165,36.41935,35.523796,36.23029,3302300,0.0,0
2014-07-02,EA,36.22034,36.668118,36.17058,36.57856,2390800,0.0,0
2014-07-03,EA,36.61836,36.847225,36.369595,36.737766,1161900,0.0,0
2014-07-07,EA,36.56861,36.72782,35.882015,35.98152,2647100,0.0,0
2014-07-08,EA,36.19048,36.19048,34.90685,35.11581,3791300,0.0,0
2014-07-09,EA,35.45414,35.583492,35.115818,35.34468,3201300,0.0,0
2014-07-10,EA,34.86705,35.872063,34.75759,35.67305,3330600,0.0,0
2014-07-11,EA,35.6631,35.812363,35.45414,35.79246,1825000,0.0,0
2014-07-14,EA,36.17058,36.479053,35.921814,36.369595,2445300,0.0,0
2014-07-15,EA,36.180534,36.548706,35.6233,36.001423,2540000,0.0,0
2014-07-16,EA,36.270092,37.115894,36.17058,36.936783,3493300,0.0,0
2014-07-17,EA,36.4492,37.53382,36.4492,36.87708,3537000,0.0,0
2014-07-18,EA,36.847225,38.379623,36.807426,38.190563,5499500,0.0,0
2014-07-21,EA,37.911945,38.42938,37.603477,38.230366,4409600,0.0,0
2014-07-22,EA,38.38958,38.44928,37.772636,38.230366,6068100,0.0,0
2014-07-23,EA,37.24525,37.593525,35.80241,35.862114,13034100,0.0,0
2014-07-24,EA,36.150684,36.767624,35.901917,36.658165,6046000,0.0,0
2014-07-25,EA,36.299942,36.479053,35.712852,35.862114,4059600,0.0,0
2014-07-28,EA,35.842213,35.862114,34.906853,34.9168,9702400,0.0,0
2014-07-29,EA,35.05611,35.125767,33.981445,34.170506,9114000,0.0,0
2014-07-30,EA,34.329712,34.399364,34.14065,34.329712,4996500,0.0,0
2014-07-31,EA,34.071003,34.20036,33.41426,33.43416,3897800,0.0,0
2014-08-01,EA,33.3844,33.88193,33.29484,33.54361,4239200,0.0,0
2014-08-04,EA,33.394356,34.130703,33.394356,34.011295,3674700,0.0,0
2014-08-05,EA,33.89189,34.160557,33.50381,33.961544,3654800,0.0,0
2014-08-06,EA,33.92174,34.170506,33.653072,34.100853,3240800,0.0,0
2014-08-07,EA,34.20035,34.349613,33.006275,33.145588,4039600,0.0,0
2014-08-08,EA,33.185387,34.160553,32.847065,34.12075,3802600,0.0,0
2014-08-11,EA,34.17051,34.956608,34.17051,34.896904,4426800,0.0,0
2014-08-12,EA,34.877,35.702904,34.73769,35.37453,5650600,0.0,0
2014-08-13,EA,35.414337,36.26014,35.205376,36.23029,4110200,0.0,0
2014-08-14,EA,36.20044,36.51886,36.170586,36.4094,2667100,0.0,0
2014-08-15,EA,36.59846,36.618362,35.69295,35.96162,3576700,0.0,0
2014-08-18,EA,36.678066,36.678066,36.061127,36.489002,2373300,0.0,0
2014-08-19,EA,36.43925,37.03629,36.39945,36.827324,4241100,0.0,0
2014-08-20,EA,36.81737,37.404457,36.737762,37.374607,2951000,0.0,0
2014-08-21,EA,37.484062,37.643276,37.006435,37.57362,3024800,0.0,0
2014-08-22,EA,37.53382,38.0214,37.46417,37.97165,3312300,0.0,0
2014-08-25,EA,38.16071,38.200516,37.374615,37.434315,2543800,0.0,0
2014-08-26,EA,37.503963,37.573616,37.12584,37.374607,1672900,0.0,0
2014-08-27,EA,37.314903,37.464165,36.79747,37.036285,2144100,0.0,0
2014-08-28,EA,36.896984,36.996487,36.658165,36.91688,1866800,0.0,0
2014-08-29,EA,36.568607,37.67313,36.548706,37.65323,2796100,0.0,0
2014-09-02,EA,37.633324,37.842285,37.354706,37.822384,4259000,0.0,0
2014-09-03,EA,38.0015,38.110954,37.663177,37.70298,2307100,0.0,0
2014-09-04,EA,37.872143,37.99155,37.105946,37.1756,3014100,0.0,0
2014-09-05,EA,37.115894,37.503967,36.946735,37.503967,1772500,0.0,0
2014-09-08,EA,37.434315,37.911945,37.344757,37.81244,2971700,0.0,0
2014-09-09,EA,37.762688,37.762688,37.205452,37.265156,2698400,0.0,0
2014-09-10,EA,37.35471,37.712936,37.265156,37.62338,2653500,0.0,0
2014-09-11,EA,37.36466,37.88209,37.314907,37.85224,2402700,0.0,0
2014-09-12,EA,37.742786,37.772636,36.658165,36.976585,3462100,0.0,0
2014-09-15,EA,37.086044,37.115894,36.01137,36.349693,2947400,0.0,0
2014-09-16,EA,36.220337,37.06614,36.150684,36.837276,2299800,0.0,0
2014-09-17,EA,36.628315,37.285057,36.10093,36.23029,6665700,0.0,0
2014-09-18,EA,36.309895,37.125847,36.24024,37.066143,2425000,0.0,0
2014-09-19,EA,37.245247,37.26515,36.518852,36.5288,3388300,0.0,0
2014-09-22,EA,36.49895,36.62831,36.051174,36.4293,1746200,0.0,0
2014-09-23,EA,36.389496,36.837276,36.200436,36.489002,2523900,0.0,0
2014-09-24,EA,36.58851,36.737766,36.349693,36.688015,1421300,0.0,0
2014-09-25,EA,36.45915,36.74772,35.593445,35.643196,3089300,0.0,0
2014-09-26,EA,35.78251,35.94172,35.394436,35.78251,2217600,0.0,0
2014-09-29,EA,35.384487,35.77256,35.125767,35.603397,2068100,0.0,0
2014-09-30,EA,35.603397,35.94172,35.33473,35.43424,2146400,0.0,0
2014-10-01,EA,35.364582,35.40439,34.65809,34.966557,2538700,0.0,0
2014-10-02,EA,34.916805,35.673054,34.648136,35.414337,2631300,0.0,0
2014-10-03,EA,35.692955,35.83226,35.35463,35.77256,2467100,0.0,0
2014-10-06,EA,35.921814,36.120827,35.633247,35.822308,1790700,0.0,0
2014-10-07,EA,35.50389,35.82231,34.72774,34.74764,3094500,0.0,0
2014-10-08,EA,34.757595,35.13572,34.150604,35.105865,3844400,0.0,0
2014-10-09,EA,35.225273,35.862114,34.638187,34.837196,2833400,0.0,0
2014-10-10,EA,35.334724,35.54369,34.33966,34.359562,4095600,0.0,0
2014-10-13,EA,34.289913,34.52873,33.02618,33.065983,4231800,0.0,0
2014-10-14,EA,33.424206,33.613266,32.23013,32.578403,5577600,0.0,0
2014-10-15,EA,32.08087,33.374454,31.61319,33.215244,5765500,0.0,0
2014-10-16,EA,32.548553,33.165493,32.269936,32.458996,4259000,0.0,0
2014-10-17,EA,32.847065,34.60833,32.588352,34.110798,4881900,0.0,0
2014-10-20,EA,33.97149,34.877,33.94164,34.75759,3344100,0.0,0
2014-10-21,EA,34.916805,35.523796,34.8571,35.513844,2681300,0.0,0
2014-10-22,EA,35.50389,35.683002,34.8173,34.877,2203700,0.0,0
2014-10-23,EA,35.255127,36.299942,35.026264,36.06113,3083300,0.0,0
2014-10-24,EA,36.01137,36.459152,35.80241,36.17058,2413100,0.0,0
2014-10-27,EA,35.951668,36.966637,35.812363,36.688015,2763300,0.0,0
2014-10-28,EA,36.68801,37.474113,36.68801,37.295002,4608000,0.0,0
2014-10-29,EA,38.628387,40.14089,38.47913,38.717945,10615200,0.0,0
2014-10-30,EA,38.449284,39.66326,38.329876,39.65331,6688100,0.0,0
2014-10-31,EA,39.902077,41.145905,39.902077,40.767784,5966300,0.0,0
2014-11-03,EA,40.95684,41.24541,40.519016,40.757828,4294700,0.0,0
2014-11-04,EA,40.548866,40.79763,40.200596,40.439407,4099400,0.0,0
2014-11-05,EA,40.718025,40.87724,39.98168,40.528965,2691900,0.0,0
2014-11-06,EA,40.568768,40.93694,40.519016,40.598618,2099100,0.0,0
2014-11-07,EA,40.538918,40.79763,39.912025,40.737926,3717600,0.0,0
2014-11-10,EA,40.77773,41.22551,40.409557,41.056347,4467300,0.0,0
2014-11-11,EA,41.086205,41.21556,40.817535,40.936943,2150700,0.0,0
2014-11-12,EA,40.857334,41.076244,40.379704,40.996643,2827700,0.0,0
2014-11-13,EA,41.135952,41.51408,40.867287,41.24541,3780900,0.0,0
2014-11-14,EA,41.295162,41.43447,40.66827,41.265312,3687600,0.0,0
2014-11-17,EA,41.19566,41.742943,40.996647,41.19566,2293300,0.0,0
2014-11-18,EA,41.613586,42.678303,41.51408,42.6584,4571800,0.0,0
2014-11-19,EA,42.658398,43.514156,42.140965,43.23554,6215300,0.0,0
2014-11-20,EA,43.046474,43.26539,42.857414,42.93702,5915400,0.0,0
2014-11-21,EA,43.454453,43.84253,43.036526,43.285294,3328500,0.0,0
2014-11-24,EA,43.344997,43.57386,43.175835,43.384796,3128100,0.0,0
2014-11-25,EA,43.4047,44.280357,43.354946,43.792774,4211900,0.0,0
2014-11-26,EA,43.713173,43.752975,43.305195,43.464405,3562700,0.0,0
2014-11-28,EA,43.872375,43.97188,43.344994,43.713165,2135100,0.0,0
2014-12-01,EA,43.544006,43.643513,42.82756,42.93702,3683500,0.0,0
2014-12-02,EA,42.99672,43.62361,42.917118,43.41465,2944100,0.0,0
2014-12-03,EA,43.225586,46.001816,43.225586,45.763004,7562700,0.0,0
2014-12-04,EA,45.573936,46.74811,45.255516,46.260532,6607800,0.0,0
2014-12-05,EA,46.290382,46.897373,45.93216,46.42969,3777700,0.0,0
2014-12-08,EA,46.21078,46.340137,45.46448,45.7829,4087600,0.0,0
2014-12-09,EA,45.335125,45.633644,44.728134,45.355026,5206400,0.0,0
2014-12-10,EA,45.305275,45.71325,44.340065,44.539074,4254300,0.0,0
2014-12-11,EA,44.608727,45.504284,44.598774,44.897293,2814300,0.0,0
2014-12-12,EA,44.50922,45.563988,44.32016,44.678383,3546400,0.0,0
2014-12-15,EA,44.777885,46.161026,44.708233,45.225666,5530700,0.0,0
2014-12-16,EA,45.006752,45.95206,44.648525,45.225666,5673300,0.0,0
2014-12-17,EA,45.27542,46.270485,44.996803,45.832657,5668100,0.0,0
2014-12-18,EA,45.942112,47.026733,45.942112,47.006836,6805100,0.0,0
2014-12-19,EA,47.26555,47.45461,46.827724,47.225746,9988300,0.0,0
2014-12-22,EA,47.44466,48.121304,47.2556,47.61382,3072000,0.0,0
2014-12-23,EA,47.743176,48.1014,47.175987,47.603867,2993000,0.0,0
2014-12-24,EA,47.723278,48.071556,47.623775,47.82279,844900,0.0,0
2014-12-26,EA,47.842686,48.290462,47.544167,48.091454,1161700,0.0,0
2014-12-29,EA,48.091454,48.280514,47.28545,47.355103,1750300,0.0,0
2014-12-30,EA,47.384953,47.564068,47.01678,47.14614,1796100,0.0,0
2014-12-31,EA,47.26555,47.71333,46.738167,46.787918,1842300,0.0,0
2015-01-02,EA,46.957077,47.434708,46.35009,46.638657,1959800,0.0,0
2015-01-05,EA,46.72821,47.10634,46.290386,46.340137,2727600,0.0,0
2015-01-06,EA,46.638657,47.096386,45.195812,45.733147,4418900,0.0,0
2015-01-07,EA,46.041622,46.797867,45.87246,46.578957,4849400,0.0,0
2015-01-08,EA,46.77796,48.011845,46.77796,47.892437,3877000,0.0,0
2015-01-09,EA,47.812828,48.01184,46.837666,47.275494,3181400,0.0,0
2015-01-12,EA,47.3153,47.384953,46.280434,46.82772,2158300,0.0,0
2015-01-13,EA,47.355106,47.942196,45.79286,46.19088,3287300,0.0,0
2015-01-14,EA,45.295322,46.71826,44.98685,46.66851,3100400,0.0,0
2015-01-15,EA,46.698364,46.758068,45.763004,46.409794,3073500,0.0,0
2015-01-16,EA,46.43964,47.922287,46.031666,47.852634,3220000,0.0,0
2015-01-20,EA,48.0019,48.35017,47.275497,47.57402,4049400,0.0,0
2015-01-21,EA,47.474514,48.250668,47.056587,47.832737,4209300,0.0,0
2015-01-22,EA,48.101402,49.15617,47.68347,49.116367,3478700,0.0,0
2015-01-23,EA,49.186024,50.161186,49.086517,49.544247,5258600,0.0,0
2015-01-26,EA,49.056664,49.544247,48.549183,49.235775,4310900,0.0,0
2015-01-27,EA,48.559128,48.927303,47.981995,48.171055,5998000,0.0,0
2015-01-28,EA,51.604027,54.897686,50.967186,54.340454,16170000,0.0,0
2015-01-29,EA,54.161343,55.305668,53.614056,55.0569,8256700,0.0,0
2015-01-30,EA,54.72853,55.524582,54.20115,54.589222,5048600,0.0,0
2015-02-02,EA,54.758377,54.837986,53.285683,54.698677,5238900,0.0,0
2015-02-03,EA,54.76833,54.97729,53.703613,54.250896,4349100,0.0,0
2015-02-04,EA,54.2708,55.007145,53.77327,54.290703,3670300,0.0,0
2015-02-05,EA,54.459866,56.420143,54.340458,56.11167,4959300,0.0,0
2015-02-06,EA,56.00221,56.668903,54.529514,54.867836,4833600,0.0,0
2015-02-09,EA,54.43001,54.728527,53.813072,54.01208,3216000,0.0,0
2015-02-10,EA,54.201145,54.808136,53.59416,54.48971,3769500,0.0,0
2015-02-11,EA,54.599174,55.00715,54.2509,54.67878,2193000,0.0,0
2015-02-12,EA,55.017097,56.360435,54.947445,55.922607,3783200,0.0,0
2015-02-13,EA,56.07187,56.629105,55.36537,56.11167,2907200,0.0,0
2015-02-17,EA,56.181324,56.619156,55.66389,56.479843,3174000,0.0,0
2015-02-18,EA,56.300735,57.335598,56.241028,57.32565,3469500,0.0,0
2015-02-19,EA,57.32565,57.415203,56.798267,56.857967,3000800,0.0,0
2015-02-20,EA,56.857967,57.435104,56.390285,57.38535,2284400,0.0,0
2015-02-23,EA,57.544563,57.614216,56.91767,57.26594,1833400,0.0,0
2015-02-24,EA,57.116684,57.52466,56.857964,57.345547,3351900,0.0,0
2015-02-25,EA,57.365456,57.554516,56.72861,57.106735,2556900,0.0,0
2015-02-26,EA,57.20624,58.579426,57.07688,57.445053,2751300,0.0,0
2015-02-27,EA,56.5296,57.474907,56.270878,56.89777,2955000,0.0,0
2015-03-02,EA,56.897766,57.514706,56.708706,57.166435,1606700,0.0,0
2015-03-03,EA,56.967426,57.07688,56.051968,56.390285,1980900,0.0,0
2015-03-04,EA,56.201225,56.92762,55.94251,56.91767,2631100,0.0,0
2015-03-05,EA,56.90772,57.544563,56.728607,57.096783,1998700,0.0,0
2015-03-06,EA,56.937572,56.937572,55.892754,56.081818,1769400,0.0,0
2015-03-09,EA,56.111668,56.639053,55.97236,56.390285,2344000,0.0,0
2015-03-10,EA,55.106655,55.723595,54.240948,54.778282,4566900,0.0,0
2015-03-11,EA,54.529514,55.85295,54.479763,54.818085,2814500,0.0,0
2015-03-12,EA,55.216114,55.216114,54.519566,54.788235,2891200,0.0,0
2015-03-13,EA,54.778282,56.09177,54.57927,55.02705,3546400,0.0,0
2015-03-16,EA,55.34547,56.181324,55.23601,55.544483,2821000,0.0,0
2015-03-17,EA,54.987247,55.13651,53.763317,53.902626,4692900,0.0,0
2015-03-18,EA,53.96233,55.514633,53.75337,55.355423,7023000,0.0,0
2015-03-19,EA,55.32557,56.071865,55.106655,55.683792,2384900,0.0,0
2015-03-20,EA,56.12162,57.196285,56.04201,56.997272,4443500,0.0,0
2015-03-23,EA,57.156487,57.683872,56.987328,56.987328,2146900,0.0,0
2015-03-24,EA,57.146534,58.091846,56.828114,57.673916,3347900,0.0,0
2015-03-25,EA,57.59432,57.96249,55.79325,55.813152,2855900,0.0,0
2015-03-26,EA,55.0171,56.022114,54.420063,55.803204,3926700,0.0,0
2015-03-27,EA,56.15147,57.992336,55.922607,57.952538,4672100,0.0,0
2015-03-30,EA,58.430164,59.91281,58.29086,59.176464,4117500,0.0,0
2015-03-31,EA,58.70879,59.146618,58.20131,58.52968,2471000,0.0,0
2015-04-01,EA,58.64908,58.66898,56.887814,56.997272,4341100,0.0,0
2015-04-02,EA,56.957474,57.69382,56.668907,57.36545,2709500,0.0,0
2015-04-06,EA,56.828114,57.783375,56.728603,56.838062,2374900,0.0,0
2015-04-07,EA,56.75846,57.85303,56.68881,57.51471,2071200,0.0,0
2015-04-08,EA,57.524662,58.052044,57.32565,57.862984,2091300,0.0,0
2015-04-09,EA,57.69382,58.559525,57.03708,57.21619,2008100,0.0,0
2015-04-10,EA,57.455006,58.101795,56.967422,58.071945,2546800,0.0,0
2015-04-13,EA,58.00229,58.151546,56.947517,57.047028,1577800,0.0,0
2015-04-14,EA,57.00722,57.693817,56.360428,56.788307,2287400,0.0,0
2015-04-15,EA,56.857967,57.40525,56.340534,56.57935,2361300,0.0,0
2015-04-16,EA,56.539547,56.76841,56.33058,56.57935,1372200,0.0,0
2015-04-17,EA,56.121616,56.300728,55.24596,55.75344,2853600,0.0,0
2015-04-20,EA,56.161423,57.03708,55.8231,57.00723,2048600,0.0,0
2015-04-21,EA,57.255997,58.83815,57.076885,58.73864,4089800,0.0,0
2015-04-22,EA,59.047108,59.59439,58.738636,59.51479,2569200,0.0,0
2015-04-23,EA,59.465027,59.98246,59.146606,59.58444,2476500,0.0,0
2015-04-24,EA,59.604343,59.614292,59.08691,59.59439,1824100,0.0,0
2015-04-27,EA,59.6939,60.33074,59.39538,59.54464,3178200,0.0,0
2015-04-28,EA,59.405334,59.84316,58.33066,58.818245,2695900,0.0,0
2015-04-29,EA,58.589382,59.216267,57.912735,58.33066,1959600,0.0,0
2015-04-30,EA,58.081898,58.57943,57.34555,57.80328,2578400,0.0,0
2015-05-01,EA,57.96249,59.226223,57.823185,59.037163,2257800,0.0,0
2015-05-04,EA,59.22622,59.285927,58.201305,59.017258,3425300,0.0,0
2015-05-05,EA,59.116764,59.38543,58.261005,58.867996,4662300,0.0,0
2015-05-06,EA,61.047184,62.937805,60.241184,60.629257,12687900,0.0,0
2015-05-07,EA,60.907875,61.14669,59.863056,59.972515,4081500,0.0,0
2015-05-08,EA,60.69892,61.9328,60.529762,61.574577,3324300,0.0,0
2015-05-11,EA,61.59448,63.146774,61.295956,62.28107,4825100,0.0,0
2015-05-12,EA,61.932796,62.58954,61.29595,62.151707,2674400,0.0,0
2015-05-13,EA,61.693977,61.91289,60.539703,61.42531,3031600,0.0,0
2015-05-14,EA,61.992496,62.80845,61.644226,62.7786,2962300,0.0,0
2015-05-15,EA,62.499985,63.007465,62.181564,62.569637,1979300,0.0,0
2015-05-18,EA,62.241264,63.186577,62.231316,62.987564,1985900,0.0,0
2015-05-19,EA,62.251213,62.669136,62.092003,62.300964,4319300,0.0,0
2015-05-20,EA,62.211414,62.32087,61.53477,61.932796,1796200,0.0,0
2015-05-21,EA,61.952694,62.599487,61.305904,62.380573,2427000,0.0,0
2015-05-22,EA,62.291016,62.8184,62.072105,62.251217,2137300,0.0,0
2015-05-26,EA,62.26116,62.65919,61.962643,62.22136,2305200,0.0,0
2015-05-27,EA,62.30097,63.65426,62.30097,63.5448,3481500,0.0,0
2015-05-28,EA,63.017418,63.98263,62.91791,62.957714,1934100,0.0,0
2015-05-29,EA,62.7587,63.833374,62.360672,62.45023,2381900,0.0,0
2015-06-01,EA,62.74875,62.987564,61.892994,62.579586,1962400,0.0,0
2015-06-02,EA,62.191513,63.146774,62.15171,62.669144,2123400,0.0,0
2015-06-03,EA,63.017418,63.375637,62.708946,63.057217,1221200,0.0,0
2015-06-04,EA,62.7786,63.13682,62.19151,62.32087,1385200,0.0,0
2015-06-05,EA,62.29102,62.828354,61.78354,62.589542,2040000,0.0,0
2015-06-08,EA,62.758698,62.868153,61.186497,61.355656,1956700,0.0,0
2015-06-09,EA,61.276054,61.693977,60.808372,61.475063,1540400,0.0,0
2015-06-10,EA,61.833286,62.37062,61.206394,62.22136,1613300,0.0,0
2015-06-11,EA,62.17161,62.509933,61.843243,62.28107,1512900,0.0,0
2015-06-12,EA,62.231316,62.698994,61.733784,62.440277,1659200,0.0,0
2015-06-15,EA,61.753685,61.753685,61.07704,61.2661,2074900,0.0,0
2015-06-16,EA,61.256153,62.61939,61.256153,62.549736,2637100,0.0,0
2015-06-17,EA,62.75869,64.330894,62.72884,64.161736,3290400,0.0,0
2015-06-18,EA,64.12193,65.345856,63.833363,64.94783,3939000,0.0,0
2015-06-19,EA,64.94784,66.00261,64.34086,65.62448,4141900,0.0,0
2015-06-22,EA,65.873245,66.78871,65.68419,66.291176,2591700,0.0,0
2015-06-23,EA,66.47029,67.156876,65.823494,66.25137,2514100,0.0,0
2015-06-24,EA,67.395706,67.91313,66.729004,67.34595,3317800,0.0,0
2015-06-25,EA,67.60466,67.93302,67.097176,67.11707,2107800,0.0,0
2015-06-26,EA,67.18673,67.66437,66.559845,67.29619,4895400,0.0,0
2015-06-29,EA,66.44043,67.047424,65.753845,65.89315,1955900,0.0,0
2015-06-30,EA,66.27128,66.64941,65.853355,66.171776,3140100,0.0,0
2015-07-01,EA,67.037476,67.88328,66.75885,67.66436,2618800,0.0,0
2015-07-02,EA,68.14199,68.14199,66.88821,67.46535,1657900,0.0,0
2015-07-06,EA,66.80861,67.96288,66.78871,67.67432,3583100,0.0,0
2015-07-07,EA,68.71913,69.60474,67.624565,69.54504,4895500,0.0,0
2015-07-08,EA,69.236565,69.59479,68.48031,68.659424,4506100,0.0,0
2015-07-09,EA,69.54504,70.58985,69.33607,70.15202,4400000,0.0,0
2015-07-10,EA,70.89832,72.14215,70.46049,71.71427,3838700,0.0,0
2015-07-13,EA,72.0526,73.48548,72.0526,73.17702,3613000,0.0,0
2015-07-14,EA,73.196915,73.236725,71.67447,71.89339,6261300,0.0,0
2015-07-15,EA,72.16204,72.62972,71.972984,72.14214,4733600,0.0,0
2015-07-16,EA,72.44067,72.868546,72.04264,72.609825,4419000,0.0,0
2015-07-17,EA,72.58992,73.186966,72.03269,73.10736,3745200,0.0,0
2015-07-20,EA,74.11239,74.55021,73.24667,74.42085,2703400,0.0,0
2015-07-21,EA,74.66962,74.72932,72.978004,73.31633,2453700,0.0,0
2015-07-22,EA,73.27652,73.47553,71.53516,72.560074,5244800,0.0,0
2015-07-23,EA,72.95811,73.21683,71.40581,71.45556,3533700,0.0,0
2015-07-24,EA,71.45556,72.15211,70.88837,71.93319,4286000,0.0,0
2015-07-27,EA,72.0725,72.48048,70.60976,70.86848,3422600,0.0,0
2015-07-28,EA,71.66452,72.1322,70.79882,71.44561,3383700,0.0,0
2015-07-29,EA,71.55507,72.14215,70.739105,71.82373,2676500,0.0,0
2015-07-30,EA,71.65458,72.29142,70.67941,71.943146,3790100,0.0,0
2015-07-31,EA,70.6794,72.37102,70.152016,71.19684,5699000,0.0,0
2015-08-03,EA,70.92817,71.56501,69.7938,70.619705,3850200,0.0,0
2015-08-04,EA,70.351036,71.584915,70.351036,71.44561,2748500,0.0,0
2015-08-05,EA,72.012794,75.38606,71.89339,74.789024,5833000,0.0,0
2015-08-06,EA,74.629814,75.2766,73.137215,73.6447,4591900,0.0,0
2015-08-07,EA,73.395935,73.57505,72.062546,72.99791,3081100,0.0,0
2015-08-10,EA,73.833755,74.460655,73.33623,73.6049,2849900,0.0,0
2015-08-11,EA,73.127266,73.51534,72.50038,73.45564,2459700,0.0,0
2015-08-12,EA,72.82875,73.565094,71.3461,73.35613,2866100,0.0,0
2015-08-13,EA,73.18697,73.75416,72.66953,73.01781,1990700,0.0,0
2015-08-14,EA,73.05762,73.39594,72.36108,72.46058,2181500,0.0,0
2015-08-17,EA,72.48047,73.53525,71.88344,73.33623,2648900,0.0,0
2015-08-18,EA,73.74421,74.13228,72.818794,73.48549,2816000,0.0,0
2015-08-19,EA,73.18698,73.35614,71.05754,71.25655,3176400,0.0,0
2015-08-20,EA,70.55005,71.13714,67.27629,67.37579,5037200,0.0,0
2015-08-21,EA,64.9379,66.90812,63.694065,65.20656,5396800,0.0,0
2015-08-24,EA,59.952618,65.117004,59.176468,63.38559,6606300,0.0,0
2015-08-25,EA,65.57473,65.95285,63.156723,63.226376,5778700,0.0,0
2015-08-26,EA,65.1767,66.15186,63.345783,66.01255,4342400,0.0,0
2015-08-27,EA,66.81856,67.30614,65.176704,66.828514,2922100,0.0,0
2015-08-28,EA,66.29118,68.13205,66.181725,67.574814,2978400,0.0,0
2015-08-31,EA,66.76881,67.564865,65.65434,65.8235,3049500,0.0,0
2015-09-01,EA,64.07218,65.41552,62.718895,63.11692,5043700,0.0,0
2015-09-02,EA,64.11198,64.79858,63.65425,64.35079,3804900,0.0,0
2015-09-03,EA,64.96774,66.171776,64.70903,65.46528,3482300,0.0,0
2015-09-04,EA,64.519966,66.25138,64.12195,66.04242,3601000,0.0,0
2015-09-08,EA,67.21659,68.271355,66.6693,68.161896,3205700,0.0,0
2015-09-09,EA,69.19676,69.823654,67.23649,67.44545,2357500,0.0,0
2015-09-10,EA,67.206635,69.09726,67.206635,68.40071,2087400,0.0,0
2015-09-11,EA,67.893234,68.62958,67.49521,68.56988,1681600,0.0,0
2015-09-14,EA,68.52012,68.70918,67.79372,68.012634,1682800,0.0,0
2015-09-15,EA,68.05244,69.31618,67.97283,69.03755,1729000,0.0,0
2015-09-16,EA,69.36593,70.07242,68.748985,69.93311,2184200,0.0,0
2015-09-17,EA,69.87341,71.634674,69.52515,70.70927,2263900,0.0,0
2015-09-18,EA,70.00276,70.86847,69.40572,69.724144,3503100,0.0,0
2015-09-21,EA,70.06246,71.25654,69.71418,70.23162,2078200,0.0,0
2015-09-22,EA,69.20672,69.92316,67.88328,68.35096,2412500,0.0,0
2015-09-23,EA,68.51018,69.435585,68.25146,69.117165,2862100,0.0,0
2015-09-24,EA,68.52013,68.93805,67.336,68.47037,2113400,0.0,0
2015-09-25,EA,69.62463,70.48039,68.62957,69.147,2800400,0.0,0
2015-09-28,EA,68.60967,68.87834,65.62448,66.131966,2622300,0.0,0
2015-09-29,EA,66.6693,67.02752,65.226456,65.67423,2251900,0.0,0
2015-09-30,EA,66.48023,67.535,66.16181,67.415596,2394000,0.0,0
2015-10-01,EA,67.70418,67.70418,66.112076,66.86832,2915900,0.0,0
2015-10-02,EA,66.03246,66.171776,64.51996,66.16182,3047600,0.0,0
2015-10-05,EA,66.99767,67.76387,66.63945,67.256386,2736900,0.0,0
2015-10-06,EA,67.077286,67.75392,66.01256,66.22153,1772300,0.0,0
2015-10-07,EA,66.23147,66.510086,64.86823,65.78369,3694100,0.0,0
2015-10-08,EA,65.57473,65.77374,64.38065,65.47523,2459600,0.0,0
2015-10-09,EA,65.26626,65.31602,64.22144,64.71898,4272200,0.0,0
2015-10-12,EA,64.808525,67.913124,64.330894,67.77382,4131800,0.0,0
2015-10-13,EA,67.66437,68.80869,67.00762,68.08229,3374800,0.0,0
2015-10-14,EA,68.04249,70.94808,67.753914,70.22168,4007000,0.0,0
2015-10-15,EA,70.66946,71.13714,69.8336,70.619705,2690800,0.0,0
2015-10-16,EA,70.43063,71.4257,69.9132,71.35604,2872100,0.0,0
2015-10-19,EA,71.54511,73.17702,71.15704,71.93319,3500000,0.0,0
2015-10-20,EA,72.24166,72.72924,70.94808,71.943146,2169400,0.0,0
2015-10-21,EA,72.32126,73.07751,71.644615,72.43072,2332400,0.0,0
2015-10-22,EA,72.7392,74.48055,72.659584,74.17209,2980900,0.0,0
2015-10-23,EA,74.629814,75.11739,74.072586,74.55021,3279000,0.0,0
2015-10-26,EA,74.629814,75.05769,73.395935,73.714355,2476000,0.0,0
2015-10-27,EA,73.5452,75.20695,73.33623,74.898476,2693600,0.0,0
2015-10-28,EA,75.62488,76.42094,74.69947,76.391075,3323800,0.0,0
2015-10-29,EA,76.1224,76.54033,74.98803,75.68457,3248000,0.0,0
2015-10-30,EA,74.62981,75.226845,70.28138,71.71427,11133200,0.0,0
2015-11-02,EA,72.24165,74.52035,71.52521,71.644615,4709900,0.0,0
2015-11-03,EA,71.465515,72.380974,69.99281,71.54512,4237400,0.0,0
2015-11-04,EA,71.574974,73.95318,71.37596,73.923325,3574100,0.0,0
2015-11-05,EA,74.38105,74.56016,72.759094,73.69445,2057100,0.0,0
2015-11-06,EA,73.46559,73.823814,71.88344,72.02274,3192400,0.0,0
2015-11-09,EA,72.0128,72.02274,69.81371,70.58986,3036100,0.0,0
2015-11-10,EA,70.25153,70.58986,69.50523,70.4804,2150500,0.0,0
2015-11-11,EA,70.4406,71.3461,69.52514,70.94808,2307200,0.0,0
2015-11-12,EA,71.007774,72.341156,70.191826,71.3063,3083100,0.0,0
2015-11-13,EA,70.95802,71.684425,69.49528,69.54504,3557400,0.0,0
2015-11-16,EA,69.634605,69.81371,66.35088,67.65442,6314500,0.0,0
2015-11-17,EA,64.75878,68.71913,64.58962,67.76387,5890600,0.0,0
2015-11-18,EA,67.82358,68.261406,66.510086,68.08229,3259900,0.0,0
2015-11-19,EA,68.609665,70.91821,67.90317,70.72916,4413900,0.0,0
2015-11-20,EA,71.08738,72.42076,69.79379,72.06254,4295800,0.0,0
2015-11-23,EA,72.28145,73.49543,67.26633,68.63952,11898700,0.0,0
2015-11-24,EA,68.09224,68.35095,66.57974,66.729,5144400,0.0,0
2015-11-25,EA,66.96783,69.45548,66.37078,69.166916,3600700,0.0,0
2015-11-27,EA,69.28632,70.20179,68.1221,68.54002,1485500,0.0,0
2015-11-30,EA,68.848495,69.29627,67.246445,67.45541,5245300,0.0,0
2015-12-01,EA,67.70417,68.948,67.06733,68.29125,3703000,0.0,0
2015-12-02,EA,68.66938,69.20672,68.25145,68.99775,4953200,0.0,0
2015-12-03,EA,69.196754,70.10226,66.59964,66.88821,3862100,0.0,0
2015-12-04,EA,68.04248,70.321175,68.04248,70.03261,3897100,0.0,0
2015-12-07,EA,70.39084,71.58492,70.00277,70.4406,3654800,0.0,0
2015-12-08,EA,70.05252,70.81872,69.60474,70.6396,4446600,0.0,0
2015-12-09,EA,70.40079,70.6396,66.291176,66.75885,8308200,0.0,0
2015-12-10,EA,67.17679,67.55492,65.75385,66.04242,3396400,0.0,0
2015-12-11,EA,67.156876,69.30622,66.38073,66.838455,6058300,0.0,0
2015-12-14,EA,67.01757,69.6346,67.01757,69.31618,4634100,0.0,0
2015-12-15,EA,70.17192,73.22677,69.505226,71.97299,6754300,0.0,0
2015-12-16,EA,72.70934,73.11732,68.9878,71.684425,4829000,0.0,0
2015-12-17,EA,71.853584,72.36107,70.74906,70.76897,3037800,0.0,0
2015-12-18,EA,70.28137,70.76895,68.59972,68.63952,4941800,0.0,0
2015-12-21,EA,69.09725,69.54503,67.06732,68.37085,2873100,0.0,0
2015-12-22,EA,68.95795,69.1072,67.98278,68.72908,1650800,0.0,0
2015-12-23,EA,69.15696,69.42562,67.46535,68.3012,2424700,0.0,0
2015-12-24,EA,68.35096,68.957954,67.40565,68.60967,1019900,0.0,0
2015-12-28,EA,68.25145,68.86839,67.71413,68.848495,1149000,0.0,0
2015-12-29,EA,69.15696,69.89331,68.858444,69.50523,1467000,0.0,0
2015-12-30,EA,69.545044,70.012726,69.19677,69.30623,1430800,0.0,0
2015-12-31,EA,69.09726,69.32612,68.37086,68.38081,1144000,0.0,0
2016-01-04,EA,66.84842,67.236496,64.77869,65.77375,4053000,0.0,0
2016-01-05,EA,65.773735,66.49018,64.51995,64.61946,3304600,0.0,0
2016-01-06,EA,63.296036,63.97268,62.251217,63.36569,3764500,0.0,0
2016-01-07,EA,62.012398,64.3906,61.246197,62.151707,4369300,0.0,0
2016-01-08,EA,62.898,64.68912,62.639286,62.818398,3909700,0.0,0
2016-01-11,EA,63.077114,64.490105,62.937805,63.893066,3742200,0.0,0
2016-01-12,EA,64.34085,65.76379,64.320946,65.29611,3469400,0.0,0
2016-01-13,EA,65.93295,66.26132,62.868156,63.06717,3957400,0.0,0
2016-01-14,EA,62.987556,64.63936,61.19644,64.161736,4446600,0.0,0
2016-01-15,EA,64.02243,66.38073,63.196526,65.73394,8580700,0.0,0
2016-01-19,EA,66.510086,67.903175,66.09216,67.037476,5040300,0.0,0
2016-01-20,EA,65.873245,67.355896,64.71897,66.520035,4663500,0.0,0
2016-01-21,EA,66.85836,67.22653,65.46527,66.69915,3894400,0.0,0
2016-01-22,EA,67.66436,69.05745,66.96782,69.01765,3969300,0.0,0
2016-01-25,EA,68.948,70.14207,68.42061,69.57488,5422500,0.0,0
2016-01-26,EA,69.55499,71.13714,69.26642,70.4804,5543000,0.0,0
2016-01-27,EA,70.54009,70.997826,68.918144,69.147,4291000,0.0,0
2016-01-28,EA,70.35103,70.679405,68.380806,69.445526,5967200,0.0,0
2016-01-29,EA,67.10713,67.146935,62.490032,64.2314,17918900,0.0,0
2016-02-01,EA,63.85327,65.117004,62.99752,63.88312,6740000,0.0,0
2016-02-02,EA,63.554752,63.67416,59.833214,60.360596,7815800,0.0,0
2016-02-03,EA,61.465115,61.614372,58.44012,59.315777,9419400,0.0,0
2016-02-04,EA,59.146614,59.564545,57.236095,58.44012,8686800,0.0,0
2016-02-05,EA,58.08189,58.280907,54.579266,55.22606,7717600,0.0,0
2016-02-08,EA,54.121536,56.29078,52.74835,56.04201,8224100,0.0,0
2016-02-09,EA,55.982307,58.897846,55.54448,57.962486,9007900,0.0,0
2016-02-10,EA,59.047108,59.773506,58.370464,58.688885,4990600,0.0,0
2016-02-11,EA,57.673923,58.81825,57.474907,57.902786,6672900,0.0,0
2016-02-12,EA,57.763474,59.076958,57.037075,58.95755,5256100,0.0,0
2016-02-16,EA,59.53469,59.70385,58.58938,59.06701,3909400,0.0,0
2016-02-17,EA,59.952618,60.241184,58.519726,59.54464,4962600,0.0,0
2016-02-18,EA,59.27597,59.624245,57.942585,58.061993,5122700,0.0,0
2016-02-19,EA,58.052044,59.604343,57.813225,59.27597,5700800,0.0,0
2016-02-22,EA,59.773506,62.997517,59.674004,62.957714,6881900,0.0,0
2016-02-23,EA,62.68904,63.017414,61.156643,61.216347,4817100,0.0,0
2016-02-24,EA,60.61931,63.166676,60.410347,62.888058,4455700,0.0,0
2016-02-25,EA,63.236332,64.40056,63.02737,64.360756,4277300,0.0,0
2016-02-26,EA,64.49011,64.788635,63.45525,64.13189,3260200,0.0,0
2016-02-29,EA,63.65425,64.92793,63.65425,63.922916,3436600,0.0,0
2016-03-01,EA,64.13188,65.36577,63.94283,65.15681,3437100,0.0,0
2016-03-02,EA,64.85828,65.92299,64.31099,65.76378,3354600,0.0,0
2016-03-03,EA,65.47522,65.68418,63.863213,64.480156,3946600,0.0,0
2016-03-04,EA,64.09209,64.53986,62.76865,64.111984,3704300,0.0,0
2016-03-07,EA,63.57465,64.111984,62.599487,63.27613,2840900,0.0,0
2016-03-08,EA,62.738796,63.863216,62.291016,62.64924,3570600,0.0,0
2016-03-09,EA,62.878105,63.72391,62.43033,63.6045,3124000,0.0,0
2016-03-10,EA,63.833366,64.10203,62.271114,63.186573,3274100,0.0,0
2016-03-11,EA,63.514954,64.33091,63.21643,64.151794,2586300,0.0,0
2016-03-14,EA,63.495045,64.98764,63.495045,64.47021,1858500,0.0,0
2016-03-15,EA,63.87317,65.57473,63.87317,65.395615,2475900,0.0,0
2016-03-16,EA,65.30605,65.84339,64.25129,65.67423,2210600,0.0,0
2016-03-17,EA,64.768715,65.42546,62.927853,64.35079,4905000,0.0,0
2016-03-18,EA,64.579666,64.99759,63.504993,64.002525,4186100,0.0,0
2016-03-21,EA,63.733864,64.08213,63.19652,63.6244,2437100,0.0,0
2016-03-22,EA,63.385586,63.96272,62.957706,63.554745,2842700,0.0,0
2016-03-23,EA,63.584602,65.176704,63.266182,64.72893,3352400,0.0,0
2016-03-24,EA,64.28114,65.40557,63.753757,63.922916,3087800,0.0,0
2016-03-28,EA,63.81346,64.699066,63.28608,64.320946,2305600,0.0,0
2016-03-29,EA,64.19159,66.05236,64.12194,65.70409,3287500,0.0,0
2016-03-30,EA,66.400635,66.828514,65.95285,66.082214,2458300,0.0,0
2016-03-31,EA,66.00261,66.76881,65.37571,65.78369,2265000,0.0,0
2016-04-01,EA,65.03739,65.79365,64.808525,65.59463,2160500,0.0,0
2016-04-04,EA,65.67424,66.16182,65.0573,65.41552,2029600,0.0,0
2016-04-05,EA,64.77867,65.63443,64.72893,65.126945,2281800,0.0,0
2016-04-06,EA,65.34586,65.74389,64.92793,65.50507,1652900,0.0,0
2016-04-07,EA,65.37571,65.58468,63.35573,63.61445,2921700,0.0,0
2016-04-08,EA,63.803513,64.380646,62.967655,63.922916,2352000,0.0,0
2016-04-11,EA,64.07218,64.08213,62.80845,62.84825,1862900,0.0,0
2016-04-12,EA,62.82835,62.838303,61.594475,62.64924,2960800,0.0,0
2016-04-13,EA,62.72885,64.70903,62.599495,64.45031,3106700,0.0,0
2016-04-14,EA,64.5299,64.91798,64.11198,64.61946,2100600,0.0,0
2016-04-15,EA,64.81849,66.63946,64.141846,66.51009,4647400,0.0,0
2016-04-18,EA,65.95284,66.23146,65.136894,66.19166,2847200,0.0,0
2016-04-19,EA,66.26132,66.41058,65.007545,65.863304,1903500,0.0,0
2016-04-20,EA,66.27127,66.41058,65.37572,65.47523,1804400,0.0,0
2016-04-21,EA,65.50507,66.00261,64.90804,65.85335,1741700,0.0,0
2016-04-22,EA,65.57474,66.52004,64.9976,65.54488,2606400,0.0,0
2016-04-25,EA,65.10704,65.67423,65.09709,65.604576,1153300,0.0,0
2016-04-26,EA,65.64439,65.96281,64.848335,65.007545,1516800,0.0,0
2016-04-27,EA,64.808525,65.0971,62.04225,63.037315,5537400,0.0,0
2016-04-28,EA,62.80845,63.704002,61.60442,62.012398,4233500,0.0,0
2016-04-29,EA,61.50492,62.111904,60.92778,61.54472,3729200,0.0,0
2016-05-02,EA,61.69398,62.80845,61.395462,62.579586,3360400,0.0,0
2016-05-03,EA,62.30097,62.917908,61.713882,61.773586,3230100,0.0,0
2016-05-04,EA,61.43527,62.171616,60.798424,61.574577,3212800,0.0,0
2016-05-05,EA,61.972595,62.450226,60.87803,61.932796,4874100,0.0,0
2016-05-06,EA,61.883038,63.674156,61.68403,63.6244,3362800,0.0,0
2016-05-09,EA,63.863213,64.71897,63.694054,64.20153,3044600,0.0,0
2016-05-10,EA,64.67917,64.77868,63.41544,64.22144,7604400,0.0,0
2016-05-11,EA,70.08237,74.55021,69.8933,73.01781,21901700,0.0,0
2016-05-12,EA,73.26658,75.86369,73.02776,74.63977,8201300,0.0,0
2016-05-13,EA,74.361145,75.714424,74.29149,74.82882,4189100,0.0,0
2016-05-16,EA,74.69947,76.7692,74.44075,76.24182,4329200,0.0,0
2016-05-17,EA,75.34626,76.22191,74.16213,74.76912,5105100,0.0,0
2016-05-18,EA,74.33129,74.50046,72.89841,74.12233,4432500,0.0,0
2016-05-19,EA,73.85367,73.85367,72.57999,73.13722,3236700,0.0,0
2016-05-20,EA,73.117325,73.64471,72.57003,72.749146,3772500,0.0,0
2016-05-23,EA,73.027756,73.52528,72.0526,72.878494,3248300,0.0,0
2016-05-24,EA,73.31632,75.28655,72.88845,74.97808,3781500,0.0,0
2016-05-25,EA,75.01789,75.45572,74.470604,74.570114,2002500,0.0,0
2016-05-26,EA,74.26164,75.05769,73.555145,74.73927,1853200,0.0,0
2016-05-27,EA,74.958176,76.082596,74.958176,75.32635,2311200,0.0,0
2016-05-31,EA,75.60498,76.440834,75.326355,76.37118,4700100,0.0,0
2016-06-01,EA,76.43088,76.99806,75.82389,76.24182,3260500,0.0,0
2016-06-02,EA,76.341324,76.56024,75.72439,76.20202,2062400,0.0,0
2016-06-03,EA,76.32141,76.32141,75.057686,75.98309,1863900,0.0,0
2016-06-06,EA,75.99305,76.58013,74.82882,76.11245,2816800,0.0,0
2016-06-07,EA,76.48063,77.70456,76.38113,76.868706,4215200,0.0,0
2016-06-08,EA,76.679634,76.809,75.63483,75.90349,2527100,0.0,0
2016-06-09,EA,75.216896,76.41098,75.14724,75.87364,3055400,0.0,0
2016-06-10,EA,75.037796,75.86369,74.44075,74.90843,3025100,0.0,0
2016-06-13,EA,74.520355,75.05769,73.435745,73.873566,3680300,0.0,0
2016-06-14,EA,73.774055,74.4109,72.98795,74.152176,2017000,0.0,0
2016-06-15,EA,74.19198,74.85868,73.674545,74.02282,2409900,0.0,0
2016-06-16,EA,73.624794,74.70942,73.20687,74.629814,2868800,0.0,0
2016-06-17,EA,74.789024,74.789024,73.21682,74.152176,4220600,0.0,0
2016-06-20,EA,74.32134,75.963196,73.75416,74.93828,2947600,0.0,0
2016-06-21,EA,74.87858,75.694534,74.69947,75.1373,2072300,0.0,0
2016-06-22,EA,74.838776,75.157196,74.32134,74.4308,2039300,0.0,0
2016-06-23,EA,75.24676,75.80399,74.48055,75.67464,2333500,0.0,0
2016-06-24,EA,73.27653,74.40095,72.55013,72.84865,4622500,0.0,0
2016-06-27,EA,72.649635,72.69939,70.65951,71.14709,3631900,0.0,0
2016-06-28,EA,71.634674,72.29142,71.00778,72.24166,2743800,0.0,0
2016-06-29,EA,72.54018,73.63475,72.45062,73.37603,2120300,0.0,0
2016-06-30,EA,73.5054,75.734344,72.86856,75.38607,3371100,0.0,0
2016-07-01,EA,75.37612,76.19207,75.0776,75.49553,1892500,0.0,0
2016-07-05,EA,75.40597,76.04281,74.90844,75.51543,1688200,0.0,0
2016-07-06,EA,75.04774,76.7692,74.63976,76.36122,2274900,0.0,0
2016-07-07,EA,76.18211,76.45078,75.644775,76.24182,1516600,0.0,0
2016-07-08,EA,76.93837,78.11255,76.629906,77.87373,3263000,0.0,0
2016-07-11,EA,77.89362,79.167305,77.89362,78.77923,2983300,0.0,0
2016-07-12,EA,78.88869,79.59518,78.21204,79.11755,2722600,0.0,0
2016-07-13,EA,79.53548,79.53548,77.22692,77.23688,2426500,0.0,0
2016-07-14,EA,77.50555,77.91352,76.59009,77.66476,3203400,0.0,0
2016-07-15,EA,78.05283,78.34141,77.21698,77.44585,2702500,0.0,0
2016-07-18,EA,77.74437,78.47077,77.336395,77.87373,2185500,0.0,0
2016-07-19,EA,77.60506,77.724464,75.843796,76.12241,5143300,0.0,0
2016-07-20,EA,76.83886,77.83392,76.062706,76.32142,5482000,0.0,0
2016-07-21,EA,76.062706,76.550285,73.95317,75.007935,8602700,0.0,0
2016-07-22,EA,75.50546,76.30152,74.580055,75.95325,5822000,0.0,0
2016-07-25,EA,75.66467,76.53039,75.35621,76.52043,3416500,0.0,0
2016-07-26,EA,76.54034,76.968216,75.83385,76.46073,2111900,0.0,0
2016-07-27,EA,76.83885,76.98811,76.19206,76.291565,2319900,0.0,0
2016-07-28,EA,76.231865,76.34132,75.62487,75.90349,1268200,0.0,0
2016-07-29,EA,76.10251,76.15226,75.40596,75.9433,2911100,0.0,0
2016-08-01,EA,75.853745,76.44083,75.73433,76.25176,3756300,0.0,0
2016-08-02,EA,76.20201,76.560234,75.37611,76.401024,5942400,0.0,0
2016-08-03,EA,76.28162,78.59017,74.798965,78.24189,10446400,0.0,0
2016-08-04,EA,77.97323,78.33145,77.50555,77.84387,4543900,0.0,0
2016-08-05,EA,78.55037,79.595184,78.042885,79.44592,4294000,0.0,0
2016-08-08,EA,79.45587,79.59518,78.77923,78.87873,2917700,0.0,0
2016-08-09,EA,78.620026,78.9683,78.2419,78.301605,1980500,0.0,0
2016-08-10,EA,78.15234,78.70958,77.87373,78.1822,1431700,0.0,0
2016-08-11,EA,78.4608,78.76927,77.45578,77.46574,3212600,0.0,0
2016-08-12,EA,77.615005,78.01303,76.649796,77.04782,2028200,0.0,0
2016-08-15,EA,77.20703,79.167305,76.94832,79.08771,3225600,0.0,0
2016-08-16,EA,78.39115,78.50061,77.43589,77.66476,2969600,0.0,0
2016-08-17,EA,77.615005,79.46583,77.42594,79.37627,3552800,0.0,0
2016-08-18,EA,79.40611,81.39624,79.236946,80.58029,4741900,0.0,0
2016-08-19,EA,80.55044,81.4858,80.401184,81.356445,3238700,0.0,0
2016-08-22,EA,80.66985,81.41615,80.64,81.087776,3218900,0.0,0
2016-08-23,EA,81.575356,82.2122,81.087776,81.903725,4603800,0.0,0
2016-08-24,EA,81.903725,82.222145,81.5455,82.01318,3310900,0.0,0
2016-08-25,EA,81.61516,81.794266,80.560394,81.147484,3304400,0.0,0
2016-08-26,EA,80.7992,81.10768,79.62503,80.80916,3037800,0.0,0
2016-08-29,EA,80.69971,81.555466,80.24198,81.10769,1975900,0.0,0
2016-08-30,EA,81.993286,81.993286,81.07783,81.32659,1711500,0.0,0
2016-08-31,EA,80.968376,81.27685,80.63005,80.82907,2077500,0.0,0
2016-09-01,EA,81.11762,81.585304,80.63004,81.356445,1813900,0.0,0
2016-09-02,EA,81.89378,83.7645,81.75448,83.04806,3524700,0.0,0
2016-09-06,EA,82.88885,84.033165,82.88885,83.45603,2648500,0.0,0
2016-09-07,EA,83.34659,83.854065,82.13261,82.34157,3050100,0.0,0
2016-09-08,EA,82.232086,82.232086,81.17732,81.75446,3188500,0.0,0
2016-09-09,EA,81.018135,81.38631,79.44593,79.465836,2212500,0.0,0
2016-09-12,EA,79.33647,80.52059,79.11755,80.44099,3371100,0.0,0
2016-09-13,EA,80.21212,80.719604,79.54543,80.47084,2710500,0.0,0
2016-09-14,EA,80.739494,81.36639,80.10265,80.43103,1410400,0.0,0
2016-09-15,EA,80.16236,83.25701,80.16236,82.958496,3167500,0.0,0
2016-09-16,EA,82.849045,82.94855,81.75447,82.480865,3731900,0.0,0
2016-09-19,EA,82.72964,82.99831,82.05299,82.36146,1872800,0.0,0
2016-09-20,EA,82.48087,82.9784,82.212204,82.580376,2173000,0.0,0
2016-09-21,EA,83.067955,83.2172,81.85397,83.058,2663300,0.0,0
2016-09-22,EA,83.68489,83.7844,82.35151,82.75948,2194300,0.0,0
2016-09-23,EA,84.08292,84.08292,83.10775,83.8441,2644400,0.0,0
2016-09-26,EA,83.25702,83.83416,82.80924,83.08786,1836700,0.0,0
2016-09-27,EA,82.98835,85.107834,82.77938,84.77946,2453200,0.0,0
2016-09-28,EA,84.92873,85.17749,84.16253,84.58045,1794400,0.0,0
2016-09-29,EA,84.510796,84.7098,83.704796,83.8441,1324900,0.0,0
2016-09-30,EA,83.933655,85.40636,83.35652,84.97848,2860300,0.0,0
2016-10-03,EA,84.79937,85.625275,84.70981,84.988434,2047900,0.0,0
2016-10-04,EA,85.50587,85.64517,84.69987,85.13769,1724800,0.0,0
2016-10-05,EA,85.13769,85.32675,84.5506,85.048134,1961700,0.0,0
2016-10-06,EA,85.12775,85.2173,83.44609,84.16254,3189300,0.0,0
2016-10-07,EA,84.64016,84.76952,83.02816,83.39633,3076700,0.0,0
2016-10-10,EA,83.655045,84.500854,83.436134,84.32174,2278100,0.0,0
2016-10-11,EA,84.28193,84.38144,82.73958,82.958496,2308800,0.0,0
2016-10-12,EA,84.610306,84.610306,81.75447,82.12264,2395200,0.0,0
2016-10-13,EA,81.684814,82.112686,80.38128,81.356445,3034000,0.0,0
2016-10-14,EA,81.94353,83.56549,81.94353,82.18234,2658300,0.0,0
2016-10-17,EA,82.361465,82.80925,81.754486,81.91369,1981900,0.0,0
2016-10-18,EA,82.76944,83.98342,82.69978,83.595345,2185200,0.0,0
2016-10-19,EA,83.8043,83.94361,82.212204,82.35151,2269200,0.0,0
2016-10-20,EA,82.29181,82.41122,81.197235,82.11269,2468400,0.0,0
2016-10-21,EA,81.74452,82.58037,81.59526,82.46097,2708200,0.0,0
2016-10-24,EA,81.50571,83.95357,81.37634,83.73465,3046700,0.0,0
2016-10-25,EA,83.77445,84.37149,82.480865,82.530624,2822900,0.0,0
2016-10-26,EA,82.540565,83.69484,82.09279,82.17239,2026000,0.0,0
2016-10-27,EA,82.86895,84.013275,82.17241,82.311714,3159900,0.0,0
2016-10-28,EA,80.38128,81.01811,78.162285,79.05784,6933800,0.0,0
2016-10-31,EA,79.2469,79.74444,77.04781,78.13243,5380700,0.0,0
2016-11-01,EA,78.25185,78.37126,76.79906,77.455795,7226300,0.0,0
2016-11-02,EA,78.44092,81.52561,77.4757,78.729485,9449900,0.0,0
2016-11-03,EA,78.72949,81.88384,78.72949,80.122574,7210600,0.0,0
2016-11-04,EA,79.555374,81.31664,78.639915,79.82404,4694600,0.0,0
2016-11-07,EA,80.68976,81.625114,79.93351,80.67981,3750900,0.0,0
2016-11-08,EA,80.6599,82.04304,80.28178,81.087776,2198200,0.0,0
2016-11-09,EA,78.34141,80.59025,78.06278,79.047905,4446900,0.0,0
2016-11-10,EA,79.57528,79.664825,75.813934,76.41097,5526900,0.0,0
2016-11-11,EA,75.425865,77.555305,75.157196,77.06772,4039300,0.0,0
2016-11-14,EA,77.08762,77.69461,75.76418,76.003,5043100,0.0,0
2016-11-15,EA,76.619934,78.03292,76.619934,77.23688,2639300,0.0,0
2016-11-16,EA,77.21698,78.55037,76.649796,78.44091,2454200,0.0,0
2016-11-17,EA,78.37126,79.7743,78.15235,79.22702,2642700,0.0,0
2016-11-18,EA,79.40613,80.21213,78.37126,78.60012,3180500,0.0,0
2016-11-21,EA,78.67973,78.78919,77.177185,77.87373,3061800,0.0,0
2016-11-22,EA,78.13244,78.17224,76.550285,77.36624,2737200,0.0,0
2016-11-23,EA,77.5155,79.30662,77.38614,78.95834,2853600,0.0,0
2016-11-25,EA,78.789185,79.52553,78.15234,78.77923,780400,0.0,0
2016-11-28,EA,79.028,79.167305,78.14239,78.34141,2350300,0.0,0
2016-11-29,EA,78.56031,81.28679,78.54041,80.96837,3376600,0.0,0
2016-11-30,EA,80.88877,80.968376,78.75933,78.848885,3417700,0.0,0
2016-12-01,EA,78.81904,78.88869,74.79897,75.206955,4920000,0.0,0
2016-12-02,EA,75.276596,76.092545,73.37602,75.48556,4093800,0.0,0
2016-12-05,EA,75.79404,77.44585,75.12735,77.06772,2501500,0.0,0
2016-12-06,EA,77.246826,77.64486,76.122406,76.490585,2303700,0.0,0
2016-12-07,EA,76.47069,77.724464,76.04281,77.565254,3289700,0.0,0
2016-12-08,EA,77.64485,78.212036,77.01797,77.39609,3445700,0.0,0
2016-12-09,EA,77.425934,78.67972,77.425934,78.3613,2073900,0.0,0
2016-12-12,EA,78.49066,80.232025,78.12249,80.22208,3926900,0.0,0
2016-12-13,EA,80.06286,82.1923,80.06286,80.36138,3462800,0.0,0
2016-12-14,EA,80.21213,81.27685,79.58524,80.30168,2573600,0.0,0
2016-12-15,EA,80.918625,82.21221,80.341484,81.10769,3957900,0.0,0
2016-12-16,EA,81.038025,81.09773,78.77923,79.11755,4088200,0.0,0
2016-12-19,EA,78.91854,80.13252,78.75933,79.107605,2197500,0.0,0
2016-12-20,EA,79.20711,79.86385,78.86879,79.107605,2218100,0.0,0
2016-12-21,EA,79.09766,79.784256,78.73943,79.26682,2181700,0.0,0
2016-12-22,EA,79.34641,79.754395,78.789185,79.39617,1206800,0.0,0
2016-12-23,EA,79.45587,80.719604,79.17725,80.27182,2017100,0.0,0
2016-12-27,EA,80.59025,81.35645,80.35143,80.67981,1246800,0.0,0
2016-12-28,EA,80.66986,80.858925,79.57529,79.98326,1314200,0.0,0
2016-12-29,EA,80.132515,80.610146,79.30661,79.76434,1470100,0.0,0
2016-12-30,EA,80.16238,80.16238,78.13244,78.37126,1815900,0.0,0
2017-01-03,EA,79.1275,79.22701,77.88367,78.77923,2187300,0.0,0
2017-01-04,EA,78.99814,80.70965,78.72948,80.23202,1852300,0.0,0
2017-01-05,EA,79.585236,80.06287,78.34141,78.57027,3295000,0.0,0
2017-01-06,EA,78.71952,79.127495,77.98318,78.62002,2017700,0.0,0
2017-01-09,EA,78.799126,79.03794,77.66476,78.25184,2332300,0.0,0
2017-01-10,EA,78.102585,78.838936,77.555305,78.46081,2328900,0.0,0
2017-01-11,EA,78.41106,79.02799,77.784164,78.62997,2618900,0.0,0
2017-01-12,EA,78.46081,79.36632,77.86377,79.20711,2035700,0.0,0
2017-01-13,EA,78.749374,80.85891,78.73942,79.9534,2818000,0.0,0
2017-01-17,EA,79.60513,80.192215,79.07775,79.834,2073300,0.0,0
2017-01-18,EA,80.11262,80.42108,79.42602,80.132515,1926600,0.0,0
2017-01-19,EA,80.00317,80.93852,79.65489,79.98326,1746100,0.0,0
2017-01-20,EA,80.09271,80.12256,78.50061,79.72454,2642900,0.0,0
2017-01-23,EA,79.65489,79.77429,78.86879,79.485725,2672200,0.0,0
2017-01-24,EA,79.485725,80.401184,79.01805,80.11262,2004300,0.0,0
2017-01-25,EA,80.450935,81.18728,80.12256,81.07783,2727000,0.0,0
2017-01-26,EA,81.15744,81.46591,80.69971,81.296745,1854400,0.0,0
2017-01-27,EA,81.59526,82.839096,81.455956,82.74954,2607200,0.0,0
2017-01-30,EA,82.550514,83.615234,82.34155,83.42617,4067300,0.0,0
2017-01-31,EA,83.40629,83.67495,82.48087,83.01821,6583400,0.0,0
2017-02-01,EA,83.0182,83.83415,81.04797,82.590324,7607300,0.0,0
2017-02-02,EA,82.271904,82.57043,80.97832,82.102745,4079700,0.0,0
2017-02-03,EA,82.102745,82.261955,80.57035,80.878815,4300800,0.0,0
2017-02-06,EA,80.43104,81.37635,80.00317,81.11763,2351100,0.0,0
2017-02-07,EA,81.406204,81.99329,81.14749,81.80423,2944000,0.0,0
2017-02-08,EA,81.53555,82.50077,80.86886,81.07783,2738900,0.0,0
2017-02-09,EA,81.80422,82.98835,81.087776,82.849045,3193000,0.0,0
2017-02-10,EA,84.32173,86.23226,83.714745,85.744675,6561700,0.0,0
2017-02-13,EA,85.88399,87.05817,85.277,85.89394,4435000,0.0,0
2017-02-14,EA,85.3765,86.02329,84.79936,85.635216,3046800,0.0,0
2017-02-15,EA,85.49591,87.60545,85.277,87.51589,3293500,0.0,0
2017-02-16,EA,87.25719,87.84427,86.7696,87.41639,2739100,0.0,0
2017-02-17,EA,87.32683,87.42634,86.52082,86.8691,1773700,0.0,0
2017-02-21,EA,86.91885,87.58554,86.67009,87.10792,1871800,0.0,0
2017-02-22,EA,86.94871,87.18753,86.530785,86.94871,1751400,0.0,0
2017-02-23,EA,87.12781,87.12781,85.3367,86.222305,3113300,0.0,0
2017-02-24,EA,85.53572,86.12282,84.809326,86.11286,3026700,0.0,0
2017-02-27,EA,86.12281,86.81935,85.675026,86.57059,1519300,0.0,0
2017-02-28,EA,86.620346,87.058174,85.9039,86.07306,2421100,0.0,0
2017-03-01,EA,86.50093,87.704956,85.66507,87.386536,2090700,0.0,0
2017-03-02,EA,87.46614,87.814415,86.03325,86.580536,1709200,0.0,0
2017-03-03,EA,86.52083,86.85915,85.76458,86.809395,1190600,0.0,0
2017-03-06,EA,86.75965,87.08801,86.31187,86.70989,1882300,0.0,0
2017-03-07,EA,86.8691,88.411446,86.67008,87.86417,3016900,0.0,0
2017-03-08,EA,88.083084,88.91894,87.76466,88.560715,2577900,0.0,0
2017-03-09,EA,88.87913,89.34681,88.292046,88.59056,3127100,0.0,0
2017-03-10,EA,89.14779,89.43636,88.4811,89.36671,2005300,0.0,0
2017-03-13,EA,89.38662,90.36178,88.90899,90.28218,2753300,0.0,0
2017-03-14,EA,90.073204,90.72995,89.88415,90.45133,1967000,0.0,0
2017-03-15,EA,90.540886,91.09813,89.685135,91.05833,3197300,0.0,0
2017-03-16,EA,91.14788,91.3668,89.07815,89.75479,5153100,0.0,0
2017-03-17,EA,90.47124,90.530945,88.11294,89.1478,6446600,0.0,0
2017-03-20,EA,88.38161,88.90899,87.46615,88.71993,4278100,0.0,0
2017-03-21,EA,88.77962,89.64532,87.7945,87.97362,3278600,0.0,0
2017-03-22,EA,87.99353,88.4214,87.814415,88.301994,2326200,0.0,0
2017-03-23,EA,88.152725,88.90897,87.80445,88.17263,1910000,0.0,0
2017-03-24,EA,88.411446,89.61548,88.17264,88.90898,1878100,0.0,0
2017-03-27,EA,88.15273,88.79953,87.62535,88.58061,2109200,0.0,0
2017-03-28,EA,88.56071,89.57567,88.11293,89.29705,2083900,0.0,0
2017-03-29,EA,89.07814,89.525925,88.510956,89.33686,1771200,0.0,0
2017-03-30,EA,89.05825,89.8543,88.78958,89.8145,2073700,0.0,0
2017-03-31,EA,89.65529,89.72494,88.41145,89.07815,1737700,0.0,0
2017-04-03,EA,89.45627,89.45627,88.351746,88.670166,1522300,0.0,0
2017-04-04,EA,88.14279,88.879135,88.073135,88.83933,1870400,0.0,0
2017-04-05,EA,89.0284,89.1677,87.655205,87.96368,2673500,0.0,0
2017-04-06,EA,88.033325,88.33184,87.50594,88.12288,1319600,0.0,0
2017-04-07,EA,87.963684,88.39156,87.635315,88.29206,1740800,0.0,0
2017-04-10,EA,88.11294,88.65027,87.89402,88.301994,1424000,0.0,0
2017-04-11,EA,88.3418,89.247314,87.93382,89.23736,1763900,0.0,0
2017-04-12,EA,89.50603,89.58563,88.709984,89.50603,1909100,0.0,0
2017-04-13,EA,89.64533,89.75479,88.41145,88.58061,2966200,0.0,0
2017-04-17,EA,88.82938,89.69508,88.3816,88.76968,2160100,0.0,0
2017-04-18,EA,88.68012,88.99854,88.2821,88.75972,1393100,0.0,0
2017-04-19,EA,89.098045,89.784645,88.70002,89.207504,2021400,0.0,0
2017-04-20,EA,89.65527,91.028465,89.34681,90.759796,2024300,0.0,0
2017-04-21,EA,90.8195,91.5061,90.650345,91.486206,1831800,0.0,0
2017-04-24,EA,92.40166,92.61062,92.05338,92.3519,2020900,0.0,0
2017-04-25,EA,92.92905,92.939,92.232506,92.53102,2041400,0.0,0
2017-04-26,EA,92.74994,93.26737,91.85438,93.038506,1543000,0.0,0
2017-04-27,EA,93.536026,94.52114,93.24746,93.77484,1515700,0.0,0
2017-04-28,EA,93.9838,94.44154,93.35692,94.35198,1937800,0.0,0
2017-05-01,EA,94.74006,94.94902,94.24253,94.322136,2314800,0.0,0
2017-05-02,EA,94.222626,94.84952,93.65544,93.7848,2332500,0.0,0
2017-05-03,EA,94.978874,94.978874,93.15791,93.64549,2872300,0.0,0
2017-05-04,EA,93.64549,94.6107,93.45642,94.29228,4548700,0.0,0
2017-05-05,EA,94.919174,95.39681,94.12312,95.26745,5175900,0.0,0
2017-05-08,EA,95.446556,96.01374,94.978874,95.2575,5318600,0.0,0
2017-05-09,EA,95.386856,95.86449,94.77987,95.53612,6184900,0.0,0
2017-05-10,EA,105.44695,110.06405,104.24293,107.626144,11166200,0.0,0
2017-05-11,EA,107.01915,108.78041,106.302704,108.04407,5750600,0.0,0
2017-05-12,EA,107.65599,108.710754,106.929596,108.551544,3169400,0.0,0
2017-05-15,EA,108.45205,110.710846,108.31274,110.35262,3279800,0.0,0
2017-05-16,EA,110.681,111.60641,109.8949,111.20838,2963400,0.0,0
2017-05-17,EA,108.17342,108.84012,104.481735,104.72055,7457200,0.0,0
2017-05-18,EA,104.19317,107.11866,103.825,106.402214,3174500,0.0,0
2017-05-19,EA,106.879845,107.41717,105.805176,107.1087,2282400,0.0,0
2017-05-22,EA,107.33757,107.86496,106.88979,107.855,1493200,0.0,0
2017-05-23,EA,109.54661,111.29793,107.64604,108.47195,3032700,0.0,0
2017-05-24,EA,108.24308,111.98452,107.855,111.75565,4492500,0.0,0
2017-05-25,EA,111.95468,113.59654,111.95468,113.268166,3419800,0.0,0
2017-05-26,EA,112.93978,113.02933,111.23822,111.57654,2212500,0.0,0
2017-05-30,EA,112.064125,112.36264,111.08896,112.292984,2360100,0.0,0
2017-05-31,EA,112.30295,112.91989,111.37754,112.77063,3430000,0.0,0
2017-06-01,EA,113.397514,114.37268,112.62136,113.30796,2232700,0.0,0
2017-06-02,EA,113.28805,113.97465,112.64126,113.95474,1872600,0.0,0
2017-06-05,EA,114.11396,114.56174,113.62638,114.12392,1879800,0.0,0
2017-06-06,EA,113.97465,114.82045,113.029335,113.128845,2508400,0.0,0
2017-06-07,EA,114.27316,114.96971,113.66618,114.80055,2480100,0.0,0
2017-06-08,EA,115.46725,115.46725,112.68106,113.72588,3293900,0.0,0
2017-06-09,EA,114.273155,114.790596,106.50171,109.91478,5738200,0.0,0
2017-06-12,EA,108.76051,110.63123,105.01907,108.36249,5836900,0.0,0
2017-06-13,EA,109.78543,110.412315,107.54653,109.43716,2740000,0.0,0
2017-06-14,EA,109.616264,110.56158,108.14357,109.47695,2171800,0.0,0
2017-06-15,EA,107.70574,110.48197,106.79028,109.984436,3705600,0.0,0
2017-06-16,EA,110.17351,111.95467,109.52672,109.96455,9608200,0.0,0
2017-06-19,EA,110.63124,113.29801,110.63124,113.08905,2891300,0.0,0
2017-06-20,EA,112.87013,114.551796,112.73082,112.909935,2710500,0.0,0
2017-06-21,EA,113.765686,114.12391,111.27802,112.611404,3054000,0.0,0
2017-06-22,EA,112.94974,112.95969,110.81035,112.06413,2380400,0.0,0
2017-06-23,EA,111.95468,112.3925,110.22327,110.32278,7457900,0.0,0
2017-06-26,EA,110.45212,112.08402,109.835175,111.30788,2446300,0.0,0
2017-06-27,EA,110.80041,111.37755,107.5963,107.78536,3058000,0.0,0
2017-06-28,EA,108.16347,108.661,106.21314,108.27293,3668200,0.0,0
2017-06-29,EA,107.62615,108.18338,104.949425,106.15345,3820400,0.0,0
2017-06-30,EA,106.571365,107.0291,105.128525,105.19818,3216500,0.0,0
2017-07-03,EA,105.98428,106.47186,104.6907,104.89966,1656400,0.0,0
2017-07-05,EA,105.42704,106.78033,104.83,106.23305,2824900,0.0,0
2017-07-06,EA,105.53651,106.591286,104.97928,105.22804,2471600,0.0,0
2017-07-07,EA,105.75542,107.93461,105.01907,106.91964,2152500,0.0,0
2017-07-10,EA,107.30771,108.15352,106.48181,107.30771,2188400,0.0,0
2017-07-11,EA,107.098755,109.16849,106.57137,107.88486,2289900,0.0,0
2017-07-12,EA,108.959526,110.35262,108.51176,110.133705,1943500,0.0,0
2017-07-13,EA,110.28297,111.05912,108.38239,108.4421,1710800,0.0,0
2017-07-14,EA,109.068985,109.79538,108.21323,108.45204,1321300,0.0,0
2017-07-17,EA,108.48189,109.88493,108.18337,108.89982,1686400,0.0,0
2017-07-18,EA,109.457054,110.38246,108.93963,109.73567,1908700,0.0,0
2017-07-19,EA,109.88494,111.09892,109.268,111.02927,2498400,0.0,0
2017-07-20,EA,111.05911,111.6263,109.83518,111.417336,2143800,0.0,0
2017-07-21,EA,110.949646,112.35269,110.72078,111.66609,2434900,0.0,0
2017-07-24,EA,111.66611,113.40747,111.66611,113.18855,2784600,0.0,0
2017-07-25,EA,113.407455,113.95474,112.75071,113.09899,2735500,0.0,0
2017-07-26,EA,114.8901,117.52702,114.62144,117.417564,4520400,0.0,0
2017-07-27,EA,118.42259,119.65647,115.487144,117.01955,8953500,0.0,0
2017-07-28,EA,113.437325,118.16388,112.93979,117.66634,5012300,0.0,0
2017-07-31,EA,118.462395,118.6614,115.92497,116.16379,2951400,0.0,0
2017-08-01,EA,116.98969,117.069305,115.86528,116.3429,2488200,0.0,0
2017-08-02,EA,116.53197,116.84043,113.26816,116.25335,3111600,0.0,0
2017-08-03,EA,116.80063,118.6415,116.40261,118.263374,2929100,0.0,0
2017-08-04,EA,118.5619,118.59175,116.323006,116.641426,2341200,0.0,0
2017-08-07,EA,117.01955,117.37777,115.91502,116.382706,1882900,0.0,0
2017-08-08,EA,115.92497,116.55186,115.44734,115.92497,1329900,0.0,0
2017-08-09,EA,114.97967,116.2633,114.18362,115.5369,1709400,0.0,0
2017-08-10,EA,114.84036,115.148834,113.12885,113.42737,2950200,0.0,0
2017-08-11,EA,113.17859,115.40754,112.94973,114.88015,1584900,0.0,0
2017-08-14,EA,116.13394,117.41757,115.82547,116.53197,2890000,0.0,0
2017-08-15,EA,116.651375,117.03945,116.004585,116.85039,1048100,0.0,0
2017-08-16,EA,116.91009,118.99972,116.452354,118.6614,2098200,0.0,0
2017-08-17,EA,118.6017,118.88032,115.88517,115.89513,1793900,0.0,0
2017-08-18,EA,115.427444,117.25836,114.890114,116.3031,1911700,0.0,0
2017-08-21,EA,116.273254,116.82054,115.54686,116.2633,1848500,0.0,0
2017-08-22,EA,116.701126,119.85548,116.641426,118.44249,2512900,0.0,0
2017-08-23,EA,118.06436,118.78081,116.969795,117.59668,1297800,0.0,0
2017-08-24,EA,117.90516,118.33303,115.427444,117.238464,1342800,0.0,0
2017-08-25,EA,117.60664,118.12407,115.13888,116.35286,2206100,0.0,0
2017-08-28,EA,116.93994,118.45244,116.37276,118.143974,1775200,0.0,0
2017-08-29,EA,116.89019,118.840515,116.64142,118.6415,1301300,0.0,0
2017-08-30,EA,118.83057,121.47744,118.48229,121.36798,2193400,0.0,0
2017-08-31,EA,121.39784,122.18394,120.34307,120.90031,2617600,0.0,0
2017-09-01,EA,120.67143,121.16897,117.925064,118.72111,2751500,0.0,0
2017-09-05,EA,118.21362,118.71116,115.745865,117.62653,2336300,0.0,0
2017-09-06,EA,118.18377,118.5619,115.89513,116.42251,1770600,0.0,0
2017-09-07,EA,116.62152,118.512146,116.014534,118.34299,1810900,0.0,0
2017-09-08,EA,119.39775,119.56692,117.129005,117.69619,2424200,0.0,0
2017-09-11,EA,119.28829,120.75104,118.69126,120.591835,2282100,0.0,0
2017-09-12,EA,121.00976,121.52718,118.094215,119.81568,2659200,0.0,0
2017-09-13,EA,119.26839,119.85547,118.41263,119.00967,2515300,0.0,0
2017-09-14,EA,118.15392,119.06939,117.129005,118.60171,2543100,0.0,0
2017-09-15,EA,118.70121,119.3281,117.16881,118.83057,3192000,0.0,0
2017-09-18,EA,118.910164,120.2734,118.910164,119.36789,2573700,0.0,0
2017-09-19,EA,119.65647,120.60178,118.780815,119.61667,2237900,0.0,0
2017-09-20,EA,120.1739,120.80079,118.153915,119.74602,2393300,0.0,0
2017-09-21,EA,119.89528,119.89528,117.23846,117.43747,1914400,0.0,0
2017-09-22,EA,116.88023,119.58681,116.57176,117.9151,2077300,0.0,0
2017-09-25,EA,117.46733,117.70615,112.29299,113.63633,4113100,0.0,0
2017-09-26,EA,113.93485,114.10401,112.273094,113.35771,2994400,0.0,0
2017-09-27,EA,114.83041,116.074234,114.83041,115.39759,1793200,0.0,0
2017-09-28,EA,115.24833,116.21355,114.67119,116.03443,1395600,0.0,0
2017-09-29,EA,116.13394,117.58674,115.725975,117.47728,1743500,0.0,0
2017-10-02,EA,118.303185,119.12909,116.36281,117.36782,1850700,0.0,0
2017-10-03,EA,117.33797,117.517075,116.18369,117.37777,1249700,0.0,0
2017-10-04,EA,116.93994,118.16387,115.83543,117.97481,1642400,0.0,0
2017-10-05,EA,118.04446,119.15893,117.347916,118.93006,1438900,0.0,0
2017-10-06,EA,118.44249,119.69627,117.8554,119.49725,1912800,0.0,0
2017-10-09,EA,118.65145,118.71116,117.0892,118.034515,1516000,0.0,0
2017-10-10,EA,118.44249,118.90022,116.13394,117.238464,1558200,0.0,0
2017-10-11,EA,116.75088,117.417564,114.94981,115.477196,3152800,0.0,0
2017-10-12,EA,115.39759,117.198654,115.19857,116.56181,2046200,0.0,0
2017-10-13,EA,117.17876,118.33303,116.969795,118.034515,1931200,0.0,0
2017-10-16,EA,118.22358,118.41264,116.47227,116.90015,2601800,0.0,0
2017-10-17,EA,116.62153,117.56684,115.05927,115.407555,3130300,0.0,0
2017-10-18,EA,112.85023,113.188545,109.765526,112.60146,9784700,0.0,0
2017-10-19,EA,111.44719,112.521866,110.57154,112.51191,3183200,0.0,0
2017-10-20,EA,113.03929,113.715935,112.591515,113.0592,1988800,0.0,0
2017-10-23,EA,113.248245,113.86519,112.173584,113.09899,2204700,0.0,0
2017-10-24,EA,113.11889,114.15376,112.20344,112.83032,2006100,0.0,0
2017-10-25,EA,112.64126,114.312965,112.03426,113.994545,3205300,0.0,0
2017-10-26,EA,114.50204,116.48221,114.45228,115.258286,2453200,0.0,0
2017-10-27,EA,116.25335,116.969795,114.840355,116.31305,2892000,0.0,0
2017-10-30,EA,116.55186,117.1887,116.06428,116.99964,2614100,0.0,0
2017-10-31,EA,117.54692,119.24848,115.795616,119.00967,5477400,0.0,0
2017-11-01,EA,115.427444,116.02448,110.73074,113.905,9669200,0.0,0
2017-11-02,EA,113.78558,113.95474,112.04422,112.13378,3438300,0.0,0
2017-11-03,EA,112.909935,113.19851,112.01438,112.641266,2925300,0.0,0
2017-11-06,EA,112.4323,112.93978,110.21331,111.904915,3642500,0.0,0
2017-11-07,EA,111.73575,112.16363,109.53666,111.14866,2830300,0.0,0
2017-11-08,EA,111.894966,115.02942,111.54669,113.58658,3393900,0.0,0
2017-11-09,EA,112.432304,112.74078,110.39243,111.33774,3445700,0.0,0
2017-11-10,EA,110.71084,112.27309,110.27301,112.19348,2534000,0.0,0
2017-11-13,EA,111.44718,112.68106,110.64118,111.45714,3168100,0.0,0
2017-11-14,EA,110.0541,113.337814,109.84514,111.71586,3618000,0.0,0
2017-11-15,EA,112.163635,112.3129,109.97449,110.929756,2585900,0.0,0
2017-11-16,EA,111.29793,112.57161,110.66109,111.049164,2445800,0.0,0
2017-11-17,EA,108.45204,109.009285,106.9694,108.28288,8556400,0.0,0
2017-11-20,EA,107.745544,107.9147,106.2231,107.1087,5974700,0.0,0
2017-11-21,EA,107.248024,108.23313,107.00921,107.17837,3298400,0.0,0
2017-11-22,EA,107.50674,107.90476,106.08379,106.79029,2558200,0.0,0
2017-11-24,EA,107.12861,108.04407,107.058945,107.40723,1306300,0.0,0
2017-11-27,EA,107.32763,107.75551,106.26291,106.46192,2540100,0.0,0
2017-11-28,EA,106.461914,109.974495,106.21315,108.92968,5499400,0.0,0
2017-11-29,EA,108.67095,108.85007,104.43198,104.969315,5590700,0.0,0
2017-11-30,EA,105.58626,105.974335,104.54144,105.82507,5395200,0.0,0
2017-12-01,EA,105.3375,106.342514,103.43692,105.496704,3859400,0.0,0
2017-12-04,EA,105.00912,105.35739,100.18306,100.33232,6573200,0.0,0
2017-12-05,EA,100.05371,104.67081,99.138245,102.869736,4582300,0.0,0
2017-12-06,EA,102.451805,103.40707,99.9144,102.67072,4668400,0.0,0
2017-12-07,EA,102.72049,105.07878,102.24285,103.85486,3590500,0.0,0
2017-12-08,EA,103.97426,105.87483,103.97426,104.750404,3535400,0.0,0
2017-12-11,EA,105.08873,107.62615,104.48174,107.38733,3998200,0.0,0
2017-12-12,EA,107.466934,108.38239,106.49177,107.12862,3880700,0.0,0
2017-12-13,EA,107.17836,107.7754,104.70065,105.01907,3790100,0.0,0
2017-12-14,EA,104.68074,107.088806,104.18321,105.89472,2751200,0.0,0
2017-12-15,EA,107.23806,109.13863,106.10368,108.74061,6107300,0.0,0
2017-12-18,EA,109.347595,109.457054,106.034035,106.81018,4375300,0.0,0
2017-12-19,EA,106.889786,107.22811,106.1634,106.47186,2077200,0.0,0
2017-12-20,EA,106.9694,108.332634,106.621124,107.9147,2650400,0.0,0
2017-12-21,EA,107.34752,108.20328,107.24802,107.43708,2804400,0.0,0
2017-12-22,EA,107.7754,107.7754,105.15839,105.496704,2424600,0.0,0
2017-12-26,EA,105.13849,105.496704,104.13347,104.54144,1689900,0.0,0
2017-12-27,EA,104.87977,105.914635,104.06382,104.71061,2527500,0.0,0
2017-12-28,EA,104.77031,105.02903,104.033966,104.79021,1438900,0.0,0
2017-12-29,EA,104.77031,105.15839,103.87475,104.54144,2113600,0.0,0
2018-01-02,EA,105.626076,109.45707,104.83002,108.90978,4599100,0.0,0
2018-01-03,EA,109.20829,110.780495,108.83017,109.20829,3210600,0.0,0
2018-01-04,EA,109.327705,110.00435,106.14349,106.660934,3777900,0.0,0
2018-01-05,EA,107.48683,112.203445,107.05895,111.835266,5963000,0.0,0
2018-01-08,EA,112.93978,113.60647,110.65113,112.66116,4579100,0.0,0
2018-01-09,EA,112.77063,113.08905,109.914795,111.626305,4111700,0.0,0
2018-01-10,EA,110.94965,112.740776,110.74069,111.69595,2493600,0.0,0
2018-01-11,EA,112.00443,112.44226,111.148674,111.4472,2788800,0.0,0
2018-01-12,EA,109.94464,113.337814,109.94464,112.57161,3467400,0.0,0
2018-01-16,EA,113.43732,114.13386,111.05912,111.367584,3570800,0.0,0
2018-01-17,EA,112.44225,112.870125,110.96955,112.58156,2709000,0.0,0
2018-01-18,EA,113.487076,115.05927,112.641266,114.711,4353800,0.0,0
2018-01-19,EA,114.780655,115.83543,114.15377,115.60656,3534200,0.0,0
2018-01-22,EA,115.745865,117.716095,115.24834,117.40762,4235800,0.0,0
2018-01-23,EA,117.298164,118.08427,116.36281,117.0892,3449700,0.0,0
2018-01-24,EA,117.82555,117.82555,113.69603,114.094055,6553600,0.0,0
2018-01-25,EA,115.12892,115.39759,113.10894,113.934845,3457700,0.0,0
2018-01-26,EA,114.76076,115.66626,112.97959,114.63139,3417600,0.0,0
2018-01-29,EA,114.64134,118.82061,114.64134,117.0693,6486500,0.0,0
2018-01-30,EA,115.82547,118.73106,115.82547,118.11411,8493600,0.0,0
2018-01-31,EA,128.91057,130.36334,125.845764,126.33334,14727300,0.0,0
2018-02-01,EA,126.12438,129.41805,125.38804,127.54732,6297200,0.0,0
2018-02-02,EA,127.04979,127.53737,123.84568,123.91534,6471200,0.0,0
2018-02-05,EA,123.11929,125.58704,120.08434,121.039604,4533400,0.0,0
2018-02-06,EA,118.27332,122.741165,117.17876,122.52225,4652300,0.0,0
2018-02-07,EA,122.253586,124.38302,121.57694,122.44265,4066900,0.0,0
2018-02-08,EA,122.3929,122.3929,115.94488,115.96478,5478900,0.0,0
2018-02-09,EA,117.37777,121.53714,114.104004,120.04454,5945100,0.0,0
2018-02-12,EA,121.17891,123.547165,120.93014,121.61674,3695100,0.0,0
2018-02-13,EA,120.2535,122.52225,119.98484,121.676445,2388700,0.0,0
2018-02-14,EA,120.63163,124.25366,120.63163,123.15909,4293400,0.0,0
2018-02-15,EA,124.21385,126.40299,122.83072,125.85571,3207100,0.0,0
2018-02-16,EA,125.80596,126.164185,124.52232,125.39798,3214500,0.0,0
2018-02-20,EA,124.751205,126.92044,124.73129,125.71641,2540600,0.0,0
2018-02-21,EA,125.98508,127.46773,124.193954,124.283516,3191000,0.0,0
2018-02-22,EA,125.16912,125.72635,123.30834,123.99494,1919700,0.0,0
2018-02-23,EA,124.48253,126.65177,123.12924,126.47266,2476900,0.0,0
2018-02-26,EA,126.761215,128.16426,126.28359,127.9354,2877800,0.0,0
2018-02-27,EA,127.427925,127.96527,124.93032,125.179085,3158800,0.0,0
2018-02-28,EA,125.885574,127.11945,123.059586,123.08944,3496000,0.0,0
2018-03-01,EA,123.92529,124.32332,120.73113,121.566986,3919200,0.0,0
2018-03-02,EA,120.34307,124.6915,119.98485,124.47258,2935800,0.0,0
2018-03-05,EA,123.547165,126.00497,123.07948,125.477585,1642500,0.0,0
2018-03-06,EA,125.85572,125.96517,122.850624,123.93525,2269300,0.0,0
2018-03-07,EA,123.01978,126.88064,122.64166,126.54231,2679300,0.0,0
2018-03-08,EA,126.75126,129.22896,126.174126,128.18416,3693600,0.0,0
2018-03-09,EA,129.32849,130.2141,127.55728,127.855804,2647500,0.0,0
2018-03-12,EA,127.925446,128.61205,126.93038,127.48762,2341100,0.0,0
2018-03-13,EA,128.41302,128.66179,125.25867,125.94527,2948600,0.0,0
2018-03-14,EA,126.26369,127.447815,123.029724,127.338356,3579500,0.0,0
2018-03-15,EA,127.55728,129.20909,125.91542,128.48268,2690700,0.0,0
2018-03-16,EA,129.70663,130.48277,127.49758,127.88566,4187200,0.0,0
2018-03-19,EA,126.900536,127.44782,123.55712,124.820854,3207700,0.0,0
2018-03-20,EA,125.14923,127.14931,124.41288,126.2239,1960100,0.0,0
2018-03-21,EA,125.89552,127.1095,124.99997,125.37809,2050100,0.0,0
2018-03-22,EA,124.21386,125.00991,122.06452,122.37299,2727000,0.0,0
2018-03-23,EA,122.591896,124.66164,120.78088,120.84059,2645800,0.0,0
2018-03-26,EA,123.62676,126.870674,122.382935,125.81591,2654800,0.0,0
2018-03-27,EA,125.74626,126.3632,118.33303,119.3878,3142400,0.0,0
2018-03-28,EA,119.66641,120.78088,117.676285,118.741005,3304300,0.0,0
2018-03-29,EA,119.77588,122.39289,118.21363,120.64158,2809700,0.0,0
2018-04-02,EA,119.88533,120.73113,116.41255,118.13402,2610600,0.0,0
2018-04-03,EA,119.27834,120.2535,117.03945,118.92012,2378100,0.0,0
2018-04-04,EA,116.13394,119.974884,115.70606,119.51716,3623800,0.0,0
2018-04-05,EA,120.9202,122.17398,119.954994,120.63164,2915200,0.0,0
2018-04-06,EA,119.46739,120.60177,117.07925,117.77579,2472900,0.0,0
2018-04-09,EA,118.60171,120.47242,117.944954,118.27333,2572100,0.0,0
2018-04-10,EA,119.77589,120.65154,117.7161,120.114204,2975600,0.0,0
2018-04-11,EA,119.12908,119.90523,117.73599,118.19372,2455200,0.0,0
2018-04-12,EA,119.36789,120.989845,118.41263,120.49231,2498700,0.0,0
2018-04-13,EA,121.40779,121.40779,119.05943,119.93509,2165100,0.0,0
2018-04-16,EA,120.82069,122.19388,120.68138,121.58689,1849400,0.0,0
2018-04-17,EA,122.412796,124.25367,122.26354,123.69643,2304700,0.0,0
2018-04-18,EA,124.05464,124.79099,123.437706,124.31336,1432900,0.0,0
2018-04-19,EA,123.47751,125.20892,121.736145,122.50235,3081700,0.0,0
2018-04-20,EA,121.93517,121.93517,119.3281,120.29331,2753100,0.0,0
2018-04-23,EA,121.7859,121.7859,118.66139,119.00967,1822400,0.0,0
2018-04-24,EA,119.35795,120.820694,116.173744,118.00466,3010300,0.0,0
2018-04-25,EA,117.72603,118.30317,115.23837,116.10408,3027800,0.0,0
2018-04-26,EA,115.94487,119.56691,115.94487,119.00967,3162100,0.0,0
2018-04-27,EA,118.412636,118.95992,115.23838,116.89019,2536000,0.0,0
2018-04-30,EA,117.05936,118.18378,115.69611,117.39768,2227800,0.0,0
2018-05-01,EA,117.47727,119.55696,116.601616,119.23854,2345900,0.0,0
2018-05-02,EA,119.19873,119.91518,117.75588,118.35293,2399900,0.0,0
2018-05-03,EA,117.59669,123.696434,114.31297,119.576866,11445500,0.0,0
2018-05-04,EA,118.532036,123.58696,117.82555,123.029724,3909200,0.0,0
2018-05-07,EA,124.0845,125.15918,122.75112,123.30836,3177800,0.0,0
2018-05-08,EA,122.68146,123.716324,121.55704,123.278496,4446800,0.0,0
2018-05-09,EA,127.35825,131.78629,125.44773,130.36334,7595100,0.0,0
2018-05-10,EA,130.2937,133.25899,129.09962,133.09978,4610300,0.0,0
2018-05-11,EA,132.64204,133.91573,131.46786,132.15446,4364200,0.0,0
2018-05-14,EA,132.4132,133.30875,130.30365,131.87585,2280200,0.0,0
2018-05-15,EA,131.13951,131.647,128.97028,129.4678,2107300,0.0,0
2018-05-16,EA,129.71657,130.54247,127.388115,130.2141,1842300,0.0,0
2018-05-17,EA,129.26878,131.34846,128.98021,130.16434,2773900,0.0,0
2018-05-18,EA,130.0947,131.54747,129.24889,131.34846,2989200,0.0,0
2018-05-21,EA,132.055,133.9456,130.39322,132.254,2088400,0.0,0
2018-05-22,EA,132.49277,133.19928,131.12953,131.52756,1709900,0.0,0
2018-05-23,EA,130.63202,132.88086,130.1743,132.84106,2002000,0.0,0
2018-05-24,EA,132.83113,132.83113,128.93048,130.83104,3319300,0.0,0
2018-05-25,EA,131.11961,131.94551,130.50266,131.19922,1459300,0.0,0
2018-05-29,EA,130.06487,130.8609,129.19914,130.60219,1750100,0.0,0
2018-05-30,EA,131.49773,131.49773,130.38326,130.72157,1395000,0.0,0
2018-05-31,EA,131.18924,132.30373,129.7066,130.26384,2516500,0.0,0
2018-06-01,EA,131.42807,135.1297,131.02008,135.02025,2909600,0.0,0
2018-06-04,EA,135.0302,136.31383,133.02016,133.99533,2470000,0.0,0
2018-06-05,EA,134.65208,136.80142,134.13466,136.284,2645200,0.0,0
2018-06-06,EA,137.12979,137.70692,135.44812,136.26408,2915000,0.0,0
2018-06-07,EA,136.74171,138.06516,134.8113,136.23424,2481600,0.0,0
2018-06-08,EA,136.03522,137.37856,135.55759,137.18948,3494500,0.0,0
2018-06-11,EA,138.39352,139.84631,137.74672,138.47313,5073200,0.0,0
2018-06-12,EA,138.31392,139.707,138.00546,139.09007,2902100,0.0,0
2018-06-13,EA,140.16473,144.20468,139.6473,142.57278,6432900,0.0,0
2018-06-14,EA,142.89124,146.31424,142.70216,143.67732,4558800,0.0,0
2018-06-15,EA,143.5778,146.40381,142.94096,145.92616,3943800,0.0,0
2018-06-18,EA,144.78185,144.97092,141.73695,144.145,2890200,0.0,0
2018-06-19,EA,142.42354,144.11514,140.92099,142.38373,4117800,0.0,0
2018-06-20,EA,142.90117,144.0256,142.533,142.83151,1935800,0.0,0
2018-06-21,EA,143.4186,144.03552,140.93094,142.44342,1536000,0.0,0
2018-06-22,EA,144.78185,144.91121,140.2543,140.56277,3053000,0.0,0
2018-06-25,EA,140.03537,140.20453,138.1547,139.82642,2574200,0.0,0
2018-06-26,EA,140.75183,142.43349,139.43835,139.67715,2691200,0.0,0
2018-06-27,EA,140.03539,141.50809,137.00044,137.0701,2541800,0.0,0
2018-06-28,EA,137.49797,140.68219,137.15965,139.9359,2708200,0.0,0
2018-06-29,EA,141.0603,142.44344,139.83638,140.32396,2371200,0.0,0
2018-07-02,EA,139.79657,142.87132,139.51796,142.7718,1872100,0.0,0
2018-07-03,EA,143.07033,143.44846,140.30405,140.53291,1168800,0.0,0
2018-07-05,EA,141.87625,142.75192,141.36877,142.52304,1266600,0.0,0
2018-07-06,EA,142.35388,144.57288,142.25438,144.38382,1628500,0.0,0
2018-07-09,EA,144.8316,146.16498,141.5678,143.92609,2041900,0.0,0
2018-07-10,EA,143.69722,144.63258,142.65239,143.4783,1716000,0.0,0
2018-07-11,EA,142.33397,145.55798,142.04541,145.00075,2057200,0.0,0
2018-07-12,EA,146.20476,148.00584,145.62764,147.87648,1903400,0.0,0
2018-07-13,EA,147.96603,150.5134,146.65256,147.99588,2108600,0.0,0
2018-07-16,EA,148.21481,148.36407,145.70724,145.95601,1917700,0.0,0
2018-07-17,EA,144.88135,148.49341,144.29425,148.00584,2478100,0.0,0
2018-07-18,EA,148.32426,149.25963,146.98094,148.1949,2486800,0.0,0
2018-07-19,EA,147.3889,148.73225,146.27444,147.2297,1645500,0.0,0
2018-07-20,EA,147.45856,149.05066,146.41374,146.75206,2153700,0.0,0
2018-07-23,EA,145.78683,147.13017,144.62262,145.8366,2226900,0.0,0
2018-07-24,EA,146.77196,146.99088,142.25438,143.60767,3880200,0.0,0
2018-07-25,EA,144.19476,146.06548,143.53802,145.77692,2944900,0.0,0
2018-07-26,EA,147.2695,147.2695,140.36375,141.1996,6273500,0.0,0
2018-07-27,EA,134.27394,137.29893,130.60216,133.14952,11612100,0.0,0
2018-07-30,EA,132.7913,132.91072,124.98006,125.58704,9488300,0.0,0
2018-07-31,EA,126.82093,128.35333,124.69149,128.11452,6231300,0.0,0
2018-08-01,EA,129.60712,130.56238,126.39306,126.85079,4863900,0.0,0
2018-08-02,EA,126.14428,128.23392,124.830795,128.015,3535300,0.0,0
2018-08-03,EA,130.36336,133.33861,128.21402,130.22404,5456500,0.0,0
2018-08-06,EA,129.37825,129.82602,127.01994,128.39313,3366600,0.0,0
2018-08-07,EA,129.51756,130.13449,126.68162,127.46773,3858900,0.0,0
2018-08-08,EA,127.497574,128.27373,126.47266,127.77619,2740000,0.0,0
2018-08-09,EA,127.865746,128.26376,126.79108,127.1891,4261100,0.0,0
2018-08-10,EA,127.56722,131.38826,126.15423,130.67183,5190400,0.0,0
2018-08-13,EA,130.76138,132.99031,129.79617,130.67183,4636100,0.0,0
2018-08-14,EA,130.3534,131.65694,128.48268,131.25891,3052900,0.0,0
2018-08-15,EA,129.17923,130.11458,125.39798,127.41797,5484700,0.0,0
2018-08-16,EA,129.32849,130.28374,127.388115,129.06978,4673400,0.0,0
2018-08-17,EA,128.17421,128.8011,126.35325,127.37816,3805600,0.0,0
2018-08-20,EA,126.45277,127.66674,124.96017,127.07965,3625400,0.0,0
2018-08-21,EA,127.90554,128.53244,125.348236,126.13434,5814300,0.0,0
2018-08-22,EA,125.43779,128.43294,124.04471,126.9901,6609700,0.0,0
2018-08-23,EA,127.000046,127.35827,125.16913,125.48755,4468200,0.0,0
2018-08-24,EA,126.26369,128.86081,125.72635,128.33342,3483300,0.0,0
2018-08-27,EA,129.6469,129.92552,127.43787,128.33342,2404600,0.0,0
2018-08-28,EA,128.97026,129.14937,126.55226,127.15925,2418700,0.0,0
2018-08-29,EA,126.93039,128.24388,126.40301,127.88566,3138100,0.0,0
2018-08-30,EA,120.00474,121.04956,115.08913,115.367744,19585500,0.0,0
2018-08-31,EA,114.56174,114.92992,112.53181,112.850235,9652900,0.0,0
2018-09-04,EA,113.15871,113.83535,111.38749,112.95969,5245500,0.0,0
2018-09-05,EA,112.422356,112.87013,110.43223,110.99941,4311100,0.0,0
2018-09-06,EA,111.29793,113.21841,110.66109,112.641266,6382600,0.0,0
2018-09-07,EA,112.18354,115.42745,112.07408,114.342834,5742500,0.0,0
2018-09-10,EA,114.681145,115.07917,112.3129,112.651215,4424900,0.0,0
2018-09-11,EA,111.735756,112.62136,109.98444,111.735756,4217300,0.0,0
2018-09-12,EA,111.45714,113.1587,111.11881,112.44225,3068300,0.0,0
2018-09-13,EA,113.188545,114.044304,112.4721,113.2781,2506600,0.0,0
2018-09-14,EA,113.84529,115.93493,113.188545,113.70598,3207500,0.0,0
2018-09-17,EA,113.81544,114.17366,112.064125,112.13378,3516000,0.0,0
2018-09-18,EA,112.273094,113.39751,111.327774,112.09398,3448400,0.0,0
2018-09-19,EA,112.4323,112.69102,110.30286,112.36264,3013200,0.0,0
2018-09-20,EA,112.860176,113.95475,111.944725,112.909935,3747000,0.0,0
2018-09-21,EA,113.556725,115.4573,113.397514,114.45228,7421800,0.0,0
2018-09-24,EA,114.15376,115.06922,113.23831,114.671196,2831500,0.0,0
2018-09-25,EA,114.64134,115.86527,114.303024,115.67621,2591100,0.0,0
2018-09-26,EA,116.29315,119.27834,115.97473,117.507126,5062600,0.0,0
2018-09-27,EA,117.815605,119.00968,117.14891,118.790764,3290000,0.0,0
2018-09-28,EA,118.50219,120.064445,118.422585,119.89528,3904900,0.0,0
2018-10-01,EA,120.55203,120.701294,115.71602,116.9698,5741600,0.0,0
2018-10-02,EA,116.92004,117.65638,115.60655,116.47226,4160100,0.0,0
2018-10-03,EA,116.91008,117.58672,115.6364,115.81551,3632600,0.0,0
2018-10-04,EA,115.81551,115.81551,112.20344,113.447266,5235500,0.0,0
2018-10-05,EA,113.83534,115.17867,111.43723,113.16865,3571400,0.0,0
2018-10-08,EA,112.26313,112.73081,109.25804,110.07399,4784400,0.0,0
2018-10-09,EA,110.253105,111.65614,108.75056,108.94957,5238500,0.0,0
2018-10-10,EA,108.13363,108.58141,104.45189,104.631004,7443800,0.0,0
2018-10-11,EA,103.93445,104.86981,101.79507,103.088646,6251700,0.0,0
2018-10-12,EA,106.43207,107.59629,103.89465,105.57631,5384500,0.0,0
2018-10-15,EA,104.92951,106.50172,103.50657,105.35739,2602000,0.0,0
2018-10-16,EA,106.233055,107.97442,106.00419,106.88979,5441900,0.0,0
2018-10-17,EA,107.22812,108.82022,106.41217,108.25304,3196200,0.0,0
2018-10-18,EA,106.81019,107.31767,104.25287,105.277794,4731800,0.0,0
2018-10-19,EA,105.77532,106.95944,101.47665,101.606,5432300,0.0,0
2018-10-22,EA,102.30255,103.725494,100.7403,100.85971,4983100,0.0,0
2018-10-23,EA,98.91934,99.566124,97.31729,98.600914,6842900,0.0,0
2018-10-24,EA,98.322296,99.70544,95.62567,95.77493,4851800,0.0,0
2018-10-25,EA,97.37698,98.98899,97.13817,98.15313,5610900,0.0,0
2018-10-26,EA,95.456505,98.27254,95.11818,95.74507,4263500,0.0,0
2018-10-29,EA,95.307236,96.81974,88.680115,90.7399,9957000,0.0,0
2018-10-30,EA,91.21754,94.361946,90.55085,94.361946,6678700,0.0,0
2018-10-31,EA,91.5459,94.89927,89.49607,90.53094,17510800,0.0,0
2018-11-01,EA,90.550835,94.58085,90.550835,93.73504,5444200,0.0,0
2018-11-02,EA,94.81967,95.327156,91.386696,92.00364,5325300,0.0,0
2018-11-05,EA,92.11309,92.60067,90.71005,92.2325,4163800,0.0,0
2018-11-06,EA,92.2325,93.0385,91.11803,91.77477,4121700,0.0,0
2018-11-07,EA,92.54097,94.16292,91.80462,93.33702,7249200,0.0,0
2018-11-08,EA,93.545975,93.77484,91.87427,93.40667,5045800,0.0,0
2018-11-09,EA,92.40167,92.40167,87.78457,88.45126,7236500,0.0,0
2018-11-12,EA,88.16268,88.4413,85.585464,87.227325,5123600,0.0,0
2018-11-13,EA,87.89402,88.90898,86.56063,86.95866,3732300,0.0,0
2018-11-14,EA,87.80447,87.923874,84.56056,85.33671,3591300,0.0,0
2018-11-15,EA,85.59541,87.84426,84.44114,87.81441,3827400,0.0,0
2018-11-16,EA,87.01836,87.44623,84.56055,85.54566,4585300,0.0,0
2018-11-19,EA,85.67502,85.78448,82.31171,82.63013,4461800,0.0,0
2018-11-20,EA,80.42108,83.0182,80.023056,82.61022,5388800,0.0,0
2018-11-21,EA,83.52569,85.05808,83.0182,83.605286,3272900,0.0,0
2018-11-23,EA,83.40628,83.83416,82.01319,82.261955,1906800,0.0,0
2018-11-26,EA,83.10775,84.5904,82.08284,84.510796,5383800,0.0,0
2018-11-27,EA,84.26203,85.24714,82.82914,84.620255,3372200,0.0,0
2018-11-28,EA,85.08794,85.893936,83.50578,85.47601,4197200,0.0,0
2018-11-29,EA,84.670006,86.809395,84.21228,85.96359,3527300,0.0,0
2018-11-30,EA,85.88399,86.40142,83.31673,83.655045,5395500,0.0,0
2018-12-03,EA,85.38645,86.21236,82.92864,83.58539,5052200,0.0,0
2018-12-04,EA,83.02815,84.47099,80.60019,80.779305,5129500,0.0,0
2018-12-06,EA,79.54543,83.46598,79.107605,83.46598,5747500,0.0,0
2018-12-07,EA,83.36648,84.719765,81.81418,82.11269,4589100,0.0,0
2018-12-10,EA,81.93358,84.18243,81.89378,83.31673,3888400,0.0,0
2018-12-11,EA,84.69986,84.89887,82.321655,83.02815,3876700,0.0,0
2018-12-12,EA,83.90382,84.94863,82.50078,82.580376,3400500,0.0,0
2018-12-13,EA,83.49584,83.52569,80.38129,80.46089,5011100,0.0,0
2018-12-14,EA,79.42602,81.5455,78.749374,79.76434,5227600,0.0,0
2018-12-17,EA,79.744446,81.615166,78.09264,78.83894,4083500,0.0,0
2018-12-18,EA,79.28671,81.39625,78.98819,79.60513,6191100,0.0,0
2018-12-19,EA,79.63499,80.819115,76.95826,77.97323,6416600,0.0,0
2018-12-20,EA,77.29659,78.998146,76.08261,77.05778,5567700,0.0,0
2018-12-21,EA,77.91353,79.067795,75.2567,76.19206,7829900,0.0,0
2018-12-24,EA,75.38606,77.01797,74.01287,74.3512,2556900,0.0,0
2018-12-26,EA,74.82882,77.56525,73.5452,77.50555,3257300,0.0,0
2018-12-27,EA,76.72939,79.067795,76.38112,79.03794,4261000,0.0,0
2018-12-28,EA,79.56533,79.89371,77.91353,78.90859,2733600,0.0,0
2018-12-31,EA,79.60513,79.98325,77.91353,78.520515,2942400,0.0,0
2019-01-02,EA,76.83886,80.241974,76.818954,79.97331,3176600,0.0,0
2019-01-03,EA,79.057846,79.95341,77.236885,78.3215,3747100,0.0,0
2019-01-04,EA,80.42108,84.829216,79.644936,84.00331,7254400,0.0,0
2019-01-07,EA,84.47099,87.665146,83.02815,87.15766,6611300,0.0,0
2019-01-08,EA,88.02338,89.29706,87.25718,88.58061,6468300,0.0,0
2019-01-09,EA,89.366714,90.540886,87.45619,88.47116,4178800,0.0,0
2019-01-10,EA,88.351746,90.98867,88.08308,90.56079,4745600,0.0,0
2019-01-11,EA,90.222466,91.137924,89.466225,90.25232,3757600,0.0,0
2019-01-14,EA,89.17766,89.53588,87.98358,88.14279,3351500,0.0,0
2019-01-15,EA,88.52091,89.137856,87.93383,89.048294,2794600,0.0,0
2019-01-16,EA,87.56564,89.645325,85.53571,89.476166,6613100,0.0,0
2019-01-17,EA,87.51589,89.40652,87.21738,88.86918,4283300,0.0,0
2019-01-18,EA,89.864235,92.70017,89.78464,92.063324,5403600,0.0,0
2019-01-22,EA,91.22749,91.53596,89.565735,90.859314,4474700,0.0,0
2019-01-23,EA,91.47626,91.545906,88.00348,88.69007,4085900,0.0,0
2019-01-24,EA,88.91894,91.09813,88.09303,91.02847,3167900,0.0,0
2019-01-25,EA,91.99368,92.52107,90.421486,91.287186,4167700,0.0,0
2019-01-28,EA,89.00849,90.202576,88.21244,90.02346,4339500,0.0,0
2019-01-29,EA,89.44632,89.44632,86.39147,86.809395,3961400,0.0,0
2019-01-30,EA,87.18753,88.82938,86.421326,88.78958,3797800,0.0,0
2019-01-31,EA,89.53587,92.34196,89.107994,91.78471,4148200,0.0,0
2019-02-01,EA,91.74491,92.34196,90.381676,90.76975,2890300,0.0,0
2019-02-04,EA,90.61054,90.62049,87.75471,87.99352,5982500,0.0,0
2019-02-05,EA,88.6204,92.3917,88.45124,92.063324,11931400,0.0,0
2019-02-06,EA,78.74938,81.18729,77.61501,79.8141,30198600,0.0,0
2019-02-07,EA,79.50562,85.167534,79.50562,83.68489,11391300,0.0,0
2019-02-08,EA,86.083,97.168015,84.58045,97.118256,26898500,0.0,0
2019-02-11,EA,101.65576,106.42211,96.25256,96.76004,38704500,0.0,0
2019-02-12,EA,105.78527,106.17335,98.53125,101.82492,31161300,0.0,0
2019-02-13,EA,104.043915,104.72056,100.18307,101.745316,15890000,0.0,0
2019-02-14,EA,100.90946,105.34745,100.50149,104.73051,10547000,0.0,0
2019-02-15,EA,106.869896,108.262985,104.21307,106.31265,11254900,0.0,0
2019-02-19,EA,105.22804,105.22804,100.790054,102.45181,10882700,0.0,0
2019-02-20,EA,101.92443,102.40206,97.06852,98.14318,10649100,0.0,0
2019-02-21,EA,98.28248,98.501396,95.52615,96.38191,8104300,0.0,0
2019-02-22,EA,96.58092,96.82969,92.3917,95.44655,11617000,0.0,0
2019-02-25,EA,95.844574,96.153046,93.1778,95.38685,7046600,0.0,0
2019-02-26,EA,95.17789,99.11834,94.35198,98.01382,8701100,0.0,0
2019-02-27,EA,98.332245,100.31242,96.91926,97.35708,5207600,0.0,0
2019-02-28,EA,97.47649,98.15313,95.197784,95.30724,5695000,0.0,0
2019-03-01,EA,96.352066,97.45659,94.83957,96.92921,4443600,0.0,0
2019-03-04,EA,97.82475,98.93923,95.09828,96.80979,7187200,0.0,0
2019-03-05,EA,95.78488,96.580925,94.68036,95.24754,6041900,0.0,0
2019-03-06,EA,94.84952,95.90428,93.66539,94.30223,3987500,0.0,0
2019-03-07,EA,94.5311,99.06859,94.003716,98.869576,8866800,0.0,0
2019-03-08,EA,97.47649,99.25765,96.998856,97.87451,7357900,0.0,0
2019-03-11,EA,98.11332,99.466606,97.45658,98.55115,4623500,0.0,0
2019-03-12,EA,98.90938,99.00888,97.66555,98.10337,3737600,0.0,0
2019-03-13,EA,98.20289,100.581085,97.28742,99.63577,6980000,0.0,0
2019-03-14,EA,99.725334,99.844734,97.05856,98.34219,5908900,0.0,0
2019-03-15,EA,99.168106,99.655685,97.75511,98.49146,5141800,0.0,0
2019-03-18,EA,98.67056,99.39696,96.25256,99.1681,5113000,0.0,0
2019-03-19,EA,99.83479,100.0537,96.521225,97.02871,6156800,0.0,0
2019-03-20,EA,96.95906,97.904366,95.874435,96.55108,4824200,0.0,0
2019-03-21,EA,96.01375,104.48174,96.01375,104.362335,9533400,0.0,0
2019-03-22,EA,103.91456,103.96432,100.6607,101.83487,7158900,0.0,0
2019-03-25,EA,101.894585,103.02895,100.37213,101.22789,3812400,0.0,0
2019-03-26,EA,102.15329,104.03396,100.99901,101.814964,4059300,0.0,0
2019-03-27,EA,102.19309,102.3523,99.785034,100.17311,2900800,0.0,0
2019-03-28,EA,100.21291,101.964226,99.785034,101.69556,2347100,0.0,0
2019-03-29,EA,102.14334,102.46176,100.740295,101.12837,3180800,0.0,0
2019-04-01,EA,102.52146,103.43692,101.11842,102.16324,2879200,0.0,0
2019-04-02,EA,102.50156,102.59111,99.66563,100.34226,3157500,0.0,0
2019-04-03,EA,100.411934,101.65577,99.57608,99.655685,3522800,0.0,0
2019-04-04,EA,99.49647,99.80494,97.10831,97.45659,4308700,0.0,0
2019-04-05,EA,98.013824,99.39696,97.47649,98.93923,3738000,0.0,0
2019-04-08,EA,98.5213,98.929276,95.18784,97.46653,3951000,0.0,0
2019-04-09,EA,97.058556,98.660614,96.91925,97.76505,2543200,0.0,0
2019-04-10,EA,98.09343,99.85469,97.89442,99.138245,2199500,0.0,0
2019-04-11,EA,99.506424,100.89952,99.13825,100.083565,2530500,0.0,0
2019-04-12,EA,100.630844,101.88463,99.824844,101.32739,2375900,0.0,0
2019-04-15,EA,100.05371,100.49154,96.64064,97.367035,3965600,0.0,0
2019-04-16,EA,96.92921,97.01876,92.34196,93.366875,7638900,0.0,0
2019-04-17,EA,93.99376,93.99376,90.55084,91.49615,9779000,0.0,0
2019-04-18,EA,91.615555,93.1181,90.650345,92.680275,4262200,0.0,0
2019-04-22,EA,92.29219,92.580765,91.42648,92.063324,3011200,0.0,0
2019-04-23,EA,92.64047,94.491295,92.38175,94.16292,3850800,0.0,0
2019-04-24,EA,94.431595,94.809715,93.40668,93.685295,3041500,0.0,0
2019-04-25,EA,93.68529,93.73504,92.22254,92.521065,2993000,0.0,0
2019-04-26,EA,92.99869,94.11317,92.36185,94.00371,3496300,0.0,0
2019-04-29,EA,94.42163,95.11818,93.68529,94.26243,3122600,0.0,0
2019-04-30,EA,94.02361,94.6107,93.33702,94.18282,2824600,0.0,0
2019-05-01,EA,94.541046,96.72023,94.27238,94.391785,4264300,0.0,0
2019-05-02,EA,94.77987,95.85454,93.42658,93.93407,3609500,0.0,0
2019-05-03,EA,93.23752,93.416626,90.25232,92.04344,6385800,0.0,0
2019-05-06,EA,90.65034,93.52607,90.0732,93.29721,4413700,0.0,0
2019-05-07,EA,92.65043,92.939,91.37675,92.27231,7090900,0.0,0
2019-05-08,EA,98.62081,99.078545,91.72502,93.416626,17468500,0.0,0
2019-05-09,EA,92.06333,93.77484,91.74491,92.85938,5159100,0.0,0
2019-05-10,EA,92.57082,93.69525,90.5608,93.416626,3979100,0.0,0
2019-05-13,EA,91.555855,92.66038,89.466225,89.9737,3685400,0.0,0
2019-05-14,EA,90.47123,95.04852,90.30207,94.10322,5769300,0.0,0
2019-05-15,EA,93.33702,97.83471,93.197716,96.29236,4694700,0.0,0
2019-05-16,EA,96.26251,98.56112,95.63563,98.51136,3728600,0.0,0
2019-05-17,EA,97.775,98.46159,96.17295,96.77994,3031500,0.0,0
2019-05-20,EA,94.968925,95.52616,91.85437,92.2325,3842900,0.0,0
2019-05-21,EA,92.939,95.77493,92.78974,95.177895,3958200,0.0,0
2019-05-22,EA,94.37188,95.12813,93.167854,93.376816,1831200,0.0,0
2019-05-23,EA,92.87928,94.27238,90.90906,91.65536,3072500,0.0,0
2019-05-24,EA,92.212585,92.84943,91.038414,91.81456,2262600,0.0,0
2019-05-28,EA,92.52107,93.745,92.18275,93.038506,2729300,0.0,0
2019-05-29,EA,92.302155,93.34697,91.35684,92.09319,1889400,0.0,0
2019-05-30,EA,92.28225,92.58077,91.04838,91.67526,2513500,0.0,0
2019-05-31,EA,90.45133,92.81959,90.44138,92.620575,2818700,0.0,0
2019-06-03,EA,92.829544,93.77485,90.33193,90.859314,3405400,0.0,0
2019-06-04,EA,91.137924,93.744995,89.74484,93.66539,2833500,0.0,0
2019-06-05,EA,93.227554,95.5162,93.227554,94.779854,2584000,0.0,0
2019-06-06,EA,95.48635,96.899345,94.59079,95.91423,2654200,0.0,0
2019-06-07,EA,96.52123,98.20289,96.09335,96.51128,2021500,0.0,0
2019-06-10,EA,97.51629,97.645645,93.58579,95.03858,2503200,0.0,0
2019-06-11,EA,95.904274,96.02369,93.78479,94.11317,2097800,0.0,0
2019-06-12,EA,94.332085,94.49129,91.26729,92.21259,2579200,0.0,0
2019-06-13,EA,92.461365,93.87435,91.95388,93.108154,2526800,0.0,0
2019-06-14,EA,93.098206,93.32707,90.01351,92.27231,3297400,0.0,0
2019-06-17,EA,92.16285,93.048454,91.545906,91.983734,2431900,0.0,0
2019-06-18,EA,93.0186,94.82961,91.4862,91.57575,3955900,0.0,0
2019-06-19,EA,91.933975,92.72008,90.869255,92.12304,2795300,0.0,0
2019-06-20,EA,93.28727,94.42164,92.61063,92.730034,2578300,0.0,0
2019-06-21,EA,92.521065,95.506256,90.94887,94.85947,6237400,0.0,0
2019-06-24,EA,95.18785,99.068596,94.75997,98.51136,5066800,0.0,0
2019-06-25,EA,98.28249,98.62082,95.605774,96.42173,3364000,0.0,0
2019-06-26,EA,97.02871,97.55609,95.14804,96.839645,2827100,0.0,0
2019-06-27,EA,97.18792,99.188,96.37197,98.650665,2907700,0.0,0
2019-06-28,EA,100.24276,100.94926,98.74022,100.7602,5185200,0.0,0
2019-07-01,EA,102.14334,102.37221,99.32731,100.39203,3447500,0.0,0
2019-07-02,EA,101.25772,103.07868,100.29251,102.21298,3934200,0.0,0
2019-07-03,EA,102.4916,102.680664,97.1083,97.62574,4659700,0.0,0
2019-07-05,EA,97.287415,97.34712,90.89911,93.138,11794100,0.0,0
2019-07-08,EA,92.9788,93.167854,90.968765,92.9788,4512600,0.0,0
2019-07-09,EA,92.043434,92.24244,90.09311,91.59566,4747000,0.0,0
2019-07-10,EA,91.70512,93.67534,91.187675,93.49622,4561600,0.0,0
2019-07-11,EA,93.327065,94.38183,92.11308,93.02854,3320700,0.0,0
2019-07-12,EA,93.21761,93.50618,91.89417,92.361855,2657600,0.0,0
2019-07-15,EA,92.292206,92.55093,91.37675,91.764824,2816900,0.0,0
2019-07-16,EA,91.85438,91.953896,87.99354,89.10801,6090200,0.0,0
2019-07-17,EA,89.307014,90.40158,88.86918,89.257256,3097400,0.0,0
2019-07-18,EA,88.461205,89.02839,87.58554,88.74977,4105700,0.0,0
2019-07-19,EA,88.90898,88.96869,87.03826,87.068115,3676400,0.0,0
2019-07-22,EA,87.58554,88.69006,87.078064,87.70495,3200000,0.0,0
2019-07-23,EA,88.44131,88.70003,87.277084,87.78457,2428900,0.0,0
2019-07-24,EA,87.60545,89.49607,87.56565,89.33686,2137100,0.0,0
2019-07-25,EA,88.01343,89.32691,87.44624,88.71993,2891200,0.0,0
2019-07-26,EA,89.058235,90.04335,88.839325,89.06819,2281400,0.0,0
2019-07-29,EA,88.9687,89.34682,86.52083,88.43136,5162900,0.0,0
2019-07-30,EA,87.49598,88.57065,85.814316,88.13282,5666000,0.0,0
2019-07-31,EA,93.53604,96.0635,90.59065,92.04344,11152800,0.0,0
2019-08-01,EA,92.789734,96.59088,92.620575,94.13307,5870300,0.0,0
2019-08-02,EA,94.28233,94.89928,91.37675,92.43151,2764900,0.0,0
2019-08-05,EA,89.864235,91.30708,87.78455,88.152725,5117100,0.0,0
2019-08-06,EA,90.36178,91.10807,89.17766,89.65528,3604500,0.0,0
2019-08-07,EA,88.680115,91.894165,88.262184,91.81456,4498100,0.0,0
2019-08-08,EA,92.49122,94.81967,92.023544,94.75997,3849300,0.0,0
2019-08-09,EA,93.904205,94.40174,90.94887,91.51605,3496700,0.0,0
2019-08-12,EA,91.04837,92.103134,90.59064,91.31703,1845800,0.0,0
2019-08-13,EA,91.506096,93.0982,90.7996,91.88422,2414600,0.0,0
2019-08-14,EA,89.96376,90.30208,87.068115,87.66515,5458800,0.0,0
2019-08-15,EA,88.510956,88.510956,86.79945,87.446236,2821100,0.0,0
2019-08-16,EA,88.12288,89.93389,87.6353,89.11794,2814900,0.0,0
2019-08-19,EA,90.78966,91.24738,89.675186,90.46129,2511800,0.0,0
2019-08-20,EA,90.13292,93.108154,89.8344,92.24245,4328000,0.0,0
2019-08-21,EA,93.08826,94.5112,92.16285,93.575836,3007200,0.0,0
2019-08-22,EA,93.97386,94.481346,92.26235,94.15298,2718400,0.0,0
2019-08-23,EA,94.123116,95.2575,92.16285,92.451416,4213300,0.0,0
2019-08-26,EA,93.30717,94.063416,92.789734,93.914154,2919400,0.0,0
2019-08-27,EA,94.28234,95.82469,93.59574,93.59574,3773100,0.0,0
2019-08-28,EA,93.30716,93.57583,91.11802,91.943924,3710100,0.0,0
2019-08-29,EA,92.82954,93.267365,92.13299,92.570816,2601200,0.0,0
2019-08-30,EA,93.06835,93.744995,92.52107,93.21761,1704300,0.0,0
2019-09-03,EA,92.272316,94.700264,92.1927,94.361946,3263400,0.0,0
2019-09-04,EA,94.769905,97.6357,94.29228,97.46653,3434700,0.0,0
2019-09-05,EA,98.21284,98.989,96.083405,96.96901,3020400,0.0,0
2019-09-06,EA,97.546135,99.3273,97.168015,98.04367,2886000,0.0,0
2019-09-09,EA,98.52131,99.38701,96.95905,98.19293,3115800,0.0,0
2019-09-10,EA,97.964066,100.730354,97.28742,99.00889,4010500,0.0,0
2019-09-11,EA,99.53626,100.153206,98.27253,98.620804,2409300,0.0,0
2019-09-12,EA,99.39696,101.277626,97.56605,97.85461,4123000,0.0,0
2019-09-13,EA,98.08348,98.85963,97.67551,97.99393,1719400,0.0,0
2019-09-16,EA,97.546135,98.75016,97.03865,98.63076,1820400,0.0,0
2019-09-17,EA,98.98898,99.05864,97.058556,97.93421,1815400,0.0,0
2019-09-18,EA,97.24763,97.85461,96.05354,97.79491,1815800,0.0,0
2019-09-19,EA,97.79491,99.40691,97.79491,99.19795,2546900,0.0,0
2019-09-20,EA,99.70543,100.02385,97.78495,98.21283,3494900,0.0,0
2019-09-23,EA,97.74516,98.919334,97.37698,97.695404,2067400,0.0,0
2019-09-24,EA,97.595894,97.89441,96.25256,96.87945,2855200,0.0,0
2019-09-25,EA,96.620735,97.33718,95.357,97.14812,1964500,0.0,0
2019-09-26,EA,97.12821,97.486435,95.187836,96.1431,1954200,0.0,0
2019-09-27,EA,96.54112,97.26752,94.58085,95.197784,1967900,0.0,0
2019-09-30,EA,95.37689,97.50633,95.20773,97.33717,2522000,0.0,0
2019-10-01,EA,97.327225,97.51629,94.66045,96.27246,3717900,0.0,0
2019-10-02,EA,95.52616,95.52616,91.983734,93.7848,4097200,0.0,0
2019-10-03,EA,93.068344,94.56094,92.421555,93.874344,3855600,0.0,0
2019-10-04,EA,93.87436,95.297295,93.87436,95.13809,2221100,0.0,0
2019-10-07,EA,94.650505,95.347046,92.85939,93.108154,2923200,0.0,0
2019-10-08,EA,92.570816,93.36687,91.70512,92.08324,2803400,0.0,0
2019-10-09,EA,92.56087,94.03357,92.341965,92.42156,1584400,0.0,0
2019-10-10,EA,92.20265,93.098206,91.75487,92.07329,1963000,0.0,0
2019-10-11,EA,93.46638,95.396805,93.28727,93.7251,3131700,0.0,0
2019-10-14,EA,93.53603,94.19278,92.2524,93.416626,2369000,0.0,0
2019-10-15,EA,93.67534,94.809715,92.75989,94.68036,2124900,0.0,0
2019-10-16,EA,93.94401,95.88438,93.93405,95.74507,2981100,0.0,0
2019-10-17,EA,96.23265,97.51629,96.04359,96.28241,2421100,0.0,0
2019-10-18,EA,95.57591,95.625656,93.585785,94.660446,3151100,0.0,0
2019-10-21,EA,95.00873,96.352066,94.5311,95.3371,1982700,0.0,0
2019-10-22,EA,93.70519,95.297295,92.74993,93.83456,3364200,0.0,0
2019-10-23,EA,93.963905,95.774925,93.89425,95.23759,2132300,0.0,0
2019-10-24,EA,95.68538,96.49138,94.70026,95.50626,3237900,0.0,0
2019-10-25,EA,95.06842,95.87442,94.14301,95.83462,2070100,0.0,0
2019-10-28,EA,96.52123,97.416794,95.725174,96.242615,3615700,0.0,0
2019-10-29,EA,96.242615,97.03866,93.90421,93.944016,7032500,0.0,0
2019-10-30,EA,93.784805,96.362015,92.10314,96.242615,7143500,0.0,0
2019-10-31,EA,96.143105,96.24261,94.40174,95.92419,3263400,0.0,0
2019-11-01,EA,96.64065,96.64065,94.61071,94.82963,3369700,0.0,0
2019-11-04,EA,95.87443,98.04366,95.12813,97.66554,3841000,0.0,0
2019-11-05,EA,97.645645,98.5014,96.15305,97.77501,2719900,0.0,0
2019-11-06,EA,98.19294,98.69047,97.48644,98.18298,2448100,0.0,0
2019-11-07,EA,98.79992,98.79992,96.54112,96.75009,2156400,0.0,0
2019-11-08,EA,96.43168,98.013824,95.84459,97.78496,2306600,0.0,0
2019-11-11,EA,97.06851,98.41184,95.834625,95.91423,2159800,0.0,0
2019-11-12,EA,95.934135,96.352066,94.77986,95.85453,3684300,0.0,0
2019-11-13,EA,96.143105,96.49137,95.068436,95.52616,2860000,0.0,0
2019-11-14,EA,95.725174,97.99393,95.64558,97.05856,3300700,0.0,0
2019-11-15,EA,98.3621,98.89943,96.889404,97.05856,3315500,0.0,0
2019-11-18,EA,96.9491,97.61579,96.222694,96.909294,2646600,0.0,0
2019-11-19,EA,96.73019,97.38693,95.844574,96.21275,3415400,0.0,0
2019-11-20,EA,95.64558,98.42181,95.64558,97.635704,3035700,0.0,0
2019-11-21,EA,97.76505,98.74022,97.72525,98.5213,2817300,0.0,0
2019-11-22,EA,99.1681,99.43676,97.83471,98.70042,2690200,0.0,0
2019-11-25,EA,98.78997,100.740295,98.78997,99.30741,2812400,0.0,0
2019-11-26,EA,99.37705,99.64572,98.22278,98.78996,2827300,0.0,0
2019-11-27,EA,99.59597,100.471634,98.26259,100.29252,1862700,0.0,0
2019-11-29,EA,99.53627,101.49655,99.52631,100.51144,1271600,0.0,0
2019-12-02,EA,100.91941,101.098526,99.078545,99.90445,2723600,0.0,0
2019-12-03,EA,99.04868,100.96916,98.610855,100.77014,2609900,0.0,0
2019-12-04,EA,101.26768,101.88462,99.92435,100.13331,2735200,0.0,0
2019-12-05,EA,100.94926,101.76521,99.86465,101.61596,2261600,0.0,0
2019-12-06,EA,102.38215,102.79013,101.84481,102.720474,2564100,0.0,0
2019-12-09,EA,102.82993,102.98914,101.426895,101.5264,1992800,0.0,0
2019-12-10,EA,101.33733,101.99408,100.790054,101.33733,2006000,0.0,0
2019-12-11,EA,101.367195,102.9991,101.317444,102.69063,2096800,0.0,0
2019-12-12,EA,103.028946,104.650894,102.68067,104.57129,2518500,0.0,0
2019-12-13,EA,104.82006,105.31759,103.297615,104.033966,2451600,0.0,0
2019-12-16,EA,104.491684,105.397194,104.30262,105.19818,1849000,0.0,0
2019-12-17,EA,105.3375,105.70567,104.60116,105.22804,1374300,0.0,0
2019-12-18,EA,105.476814,106.72064,105.11859,106.55148,1573400,0.0,0
2019-12-19,EA,106.47186,107.34752,106.11364,106.81018,1541800,0.0,0
2019-12-20,EA,107.48683,107.91471,106.53157,107.417175,3320200,0.0,0
2019-12-23,EA,107.735596,108.38239,107.138565,107.25797,1622600,0.0,0
2019-12-24,EA,107.248024,108.33265,107.19827,108.01423,606100,0.0,0
2019-12-26,EA,108.02416,108.35253,107.576385,107.97441,1676500,0.0,0
2019-12-27,EA,108.063965,108.35253,107.26792,107.894806,1163400,0.0,0
2019-12-30,EA,107.57639,107.835106,106.233055,106.402214,1758400,0.0,0
2019-12-31,EA,106.05395,106.9893,105.904686,106.979355,1436200,0.0,0
2020-01-02,EA,107.40723,107.8152,106.23305,106.81018,1901000,0.0,0
2020-01-03,EA,105.058876,107.21816,104.60115,106.670876,1840300,0.0,0
2020-01-06,EA,106.422104,108.770454,106.10368,108.24307,2934200,0.0,0
2020-01-07,EA,108.46199,108.71076,107.198265,107.855,1692400,0.0,0
2020-01-08,EA,107.64604,109.457054,107.24801,108.94957,2651600,0.0,0
2020-01-09,EA,109.45706,109.79538,107.735596,108.82022,1818600,0.0,0
2020-01-10,EA,108.66101,108.73067,107.66595,108.05402,1756000,0.0,0
2020-01-13,EA,108.51175,109.52671,108.08387,109.27795,1857400,0.0,0
2020-01-14,EA,109.11874,109.62621,108.17342,109.03913,1723400,0.0,0
2020-01-15,EA,109.24811,109.90485,108.60131,109.06899,1479100,0.0,0
2020-01-16,EA,109.45706,110.7407,109.40731,110.710846,2108300,0.0,0
2020-01-17,EA,111.81536,112.4323,110.99941,112.3726,3053300,0.0,0
2020-01-21,EA,111.99448,112.41241,111.21832,111.85517,2165000,0.0,0
2020-01-22,EA,112.21339,113.47712,112.12383,112.53181,2423100,0.0,0
2020-01-23,EA,112.36264,113.16865,111.44718,112.91988,1564900,0.0,0
2020-01-24,EA,113.45721,113.56666,111.079,111.77555,2304000,0.0,0
2020-01-27,EA,109.69588,110.64119,109.40731,110.0143,2175500,0.0,0
2020-01-28,EA,110.74069,112.32284,110.51182,111.34768,2961900,0.0,0
2020-01-29,EA,111.95467,112.40245,110.69094,111.65615,2463900,0.0,0
2020-01-30,EA,110.880005,111.33773,109.765526,111.08897,3838500,0.0,0
2020-01-31,EA,110.20336,110.20336,104.97928,107.38733,6995800,0.0,0
2020-02-03,EA,107.39728,108.909775,103.884705,104.521545,4155500,0.0,0
2020-02-04,EA,105.914635,106.88979,104.81011,106.54152,4190500,0.0,0
2020-02-05,EA,108.08387,108.42219,106.59128,107.28782,2895700,0.0,0
2020-02-06,EA,108.262985,109.805336,107.874916,109.45706,2500600,0.0,0
2020-02-07,EA,108.63115,110.412315,108.20327,108.551544,2231300,0.0,0
2020-02-10,EA,108.48189,109.21824,107.69579,108.16347,2170800,0.0,0
2020-02-11,EA,108.41223,108.69086,107.40723,108.50179,1195300,0.0,0
2020-02-12,EA,109.128685,109.437164,108.054016,109.178444,1567200,0.0,0
2020-02-13,EA,108.61126,108.80032,107.43709,108.30279,1627000,0.0,0
2020-02-14,EA,108.36249,109.3476,108.21323,109.14859,1227500,0.0,0
2020-02-18,EA,108.551544,109.2879,108.163475,108.91972,2171400,0.0,0
2020-02-19,EA,109.55656,110.35261,108.860016,109.23814,1540000,0.0,0
2020-02-20,EA,108.18338,108.83017,106.91964,108.661,4034000,0.0,0
2020-02-21,EA,107.95451,108.4023,106.272865,107.47689,2546900,0.0,0
2020-02-24,EA,104.531494,107.39728,104.50163,106.50172,2817100,0.0,0
2020-02-25,EA,107.18831,108.68091,104.72055,104.859856,3651300,0.0,0
2020-02-26,EA,105.83502,107.72565,105.07877,106.01414,2858000,0.0,0
2020-02-27,EA,103.83494,105.874825,102.21299,102.23289,4906200,0.0,0
2020-02-28,EA,99.79499,101.38709,98.10338,100.86966,6853700,0.0,0
2020-03-02,EA,101.41693,106.40221,101.20797,106.362404,4291500,0.0,0
2020-03-03,EA,106.20321,109.168495,104.85986,106.17335,3984800,0.0,0
2020-03-04,EA,107.75549,111.38748,107.52663,111.27802,4289700,0.0,0
2020-03-05,EA,108.94958,111.37753,108.57146,109.66602,3029900,0.0,0
2020-03-06,EA,105.924576,108.22318,104.481735,107.13856,3886200,0.0,0
2020-03-09,EA,101.06867,103.66579,99.41687,100.43183,4784300,0.0,0
2020-03-10,EA,100.89951,103.0588,96.17296,102.869736,6525600,0.0,0
2020-03-11,EA,101.108475,101.66571,97.844666,100.680595,4906000,0.0,0
2020-03-12,EA,94.322136,98.92928,92.0932,92.889244,6288700,0.0,0
2020-03-13,EA,98.25264,99.11835,92.292206,96.58093,5842000,0.0,0
2020-03-16,EA,88.74978,95.64557,85.26705,88.23234,6196600,0.0,0
2020-03-17,EA,91.14788,97.7153,86.680046,94.93908,6370100,0.0,0
2020-03-18,EA,91.04836,97.20782,85.4959,89.76473,7073400,0.0,0
2020-03-19,EA,90.50108,93.516136,85.57552,89.61548,6549700,0.0,0
2020-03-20,EA,91.78471,93.904205,86.321815,86.51088,6174400,0.0,0
2020-03-23,EA,89.28711,97.23766,87.99352,94.99877,8149000,0.0,0
2020-03-24,EA,99.50642,102.59112,90.36178,93.83456,5765200,0.0,0
2020-03-25,EA,93.06835,93.685295,89.01844,89.197556,5005600,0.0,0
2020-03-26,EA,90.02345,99.07854,89.635376,98.71036,5750300,0.0,0
2020-03-27,EA,96.05355,99.188,94.162926,94.89928,4519800,0.0,0
2020-03-30,EA,96.29236,98.79993,95.69532,97.207825,3352700,0.0,0
2020-03-31,EA,97.30732,100.50147,96.1431,99.67557,3762300,0.0,0
2020-04-01,EA,97.89441,99.347206,96.2227,97.04861,4056500,0.0,0
2020-04-02,EA,97.61579,102.31249,97.01875,101.78511,3793000,0.0,0
2020-04-03,EA,102.30254,103.834946,100.29252,102.32245,4084300,0.0,0
2020-04-06,EA,104.86981,106.9694,104.03396,105.98428,4280200,0.0,0
2020-04-07,EA,106.60122,106.92959,99.615875,105.79522,5496100,0.0,0
2020-04-08,EA,106.42211,107.70574,104.73051,106.27286,3199600,0.0,0
2020-04-09,EA,105.47681,108.84012,104.54144,105.277794,3717200,0.0,0
2020-04-13,EA,105.12853,109.238144,104.13347,108.76052,2680800,0.0,0
2020-04-14,EA,111.248184,112.46216,109.45706,111.47704,2622800,0.0,0
2020-04-15,EA,110.193405,113.905,109.66602,112.94974,3100000,0.0,0
2020-04-16,EA,114.18361,118.104164,113.9647,117.517075,4020600,0.0,0
2020-04-17,EA,116.133934,116.4225,112.09397,114.581635,5032100,0.0,0
2020-04-20,EA,114.27317,115.95483,113.35771,114.84036,2946100,0.0,0
2020-04-21,EA,114.11396,115.62645,111.55664,112.710915,2483200,0.0,0
2020-04-22,EA,113.79553,114.50203,110.631226,114.00449,2558900,0.0,0
2020-04-23,EA,114.133865,116.05434,113.12885,113.89505,2737700,0.0,0
2020-04-24,EA,115.099075,116.104095,113.52687,115.735916,1753800,0.0,0
2020-04-27,EA,117.387726,117.88526,114.561745,115.44735,2352000,0.0,0
2020-04-28,EA,115.427444,115.91502,110.37251,110.80039,4647900,0.0,0
2020-04-29,EA,111.31784,113.8851,110.31282,112.22334,3911900,0.0,0
2020-04-30,EA,111.92483,113.9249,111.845215,113.69604,3506700,0.0,0
2020-05-01,EA,112.57161,113.79554,111.50689,112.710915,2378600,0.0,0
2020-05-04,EA,113.34776,116.979744,113.08904,116.25335,3284800,0.0,0
2020-05-05,EA,117.736,119.59677,115.72597,119.01963,5060600,0.0,0
2020-05-06,EA,114.43238,116.581726,111.27803,114.7508,6082900,0.0,0
2020-05-07,EA,115.69611,116.36281,114.16372,116.2235,3579000,0.0,0
2020-05-08,EA,115.67621,116.93994,115.00952,116.04439,3597800,0.0,0
2020-05-11,EA,116.35286,117.91511,115.77572,116.79069,2899100,0.0,0
2020-05-12,EA,117.099144,118.93006,115.71601,115.795616,2875700,0.0,0
2020-05-13,EA,116.492165,118.57185,113.95475,116.323006,3079200,0.0,0
2020-05-14,EA,115.92497,116.68122,113.89504,116.541916,2802800,0.0,0
2020-05-15,EA,115.64636,118.31313,115.5369,117.54693,3268100,0.0,0
2020-05-18,EA,116.133934,117.33796,114.16371,116.541916,4335100,0.0,0
2020-05-19,EA,116.193634,118.78081,116.14388,117.9549,2517900,0.0,0
2020-05-20,EA,118.51214,121.15901,118.472336,118.95992,3530400,0.0,0
2020-05-21,EA,119.28829,119.28829,116.62152,116.78073,2257100,0.0,0
2020-05-22,EA,116.641426,119.417656,116.04439,119.22859,2287300,0.0,0
2020-05-26,EA,119.845535,119.88534,115.61651,116.064285,3260800,0.0,0
2020-05-27,EA,114.50203,117.17876,110.56158,116.80063,4978700,0.0,0
2020-05-28,EA,117.40762,121.49734,116.19364,120.75104,4752400,0.0,0
2020-05-29,EA,121.6864,122.5322,118.6813,122.27348,4571900,0.0,0
2020-06-01,EA,122.67151,123.66657,121.766,122.17397,2036400,0.0,0
2020-06-02,EA,122.64166,122.92028,120.08435,121.75606,2357800,0.0,0
2020-06-03,EA,121.54709,121.54709,116.61157,117.347916,3813000,0.0,0
2020-06-04,EA,116.90014,118.52209,115.477196,116.601616,2905300,0.0,0
2020-06-05,EA,114.87021,118.61165,112.72087,117.73599,3355300,0.0,0
2020-06-08,EA,115.92497,118.98978,115.317986,118.92012,3500100,0.0,0
2020-06-09,EA,119.5072,121.15901,117.9549,120.47241,2346000,0.0,0
2020-06-10,EA,121.54709,125.039764,120.86049,124.193954,3956100,0.0,0
2020-06-11,EA,124.0447,126.910484,121.33813,121.81575,3509300,0.0,0
2020-06-12,EA,122.4924,124.14421,119.218636,121.36798,2525400,0.0,0
2020-06-15,EA,122.29339,126.87068,122.104324,125.895515,3882600,0.0,0
2020-06-16,EA,126.51246,127.23886,124.44272,125.10942,2513800,0.0,0
2020-06-17,EA,126.10449,128.37323,125.66666,127.47768,2173300,0.0,0
2020-06-18,EA,127.46772,128.81105,127.46772,128.71155,2461100,0.0,0
2020-06-19,EA,130.48276,130.59221,127.2687,129.5474,4239900,0.0,0
2020-06-22,EA,130.3733,131.20917,128.16428,129.07973,2869200,0.0,0
2020-06-23,EA,130.67181,132.94057,129.55733,129.95537,2553400,0.0,0
2020-06-24,EA,129.90564,130.95045,128.015,130.22404,2208900,0.0,0
2020-06-25,EA,130.83104,131.23901,128.45284,130.0947,2174400,0.0,0
2020-06-26,EA,130.27379,130.73152,127.457756,130.28374,4905100,0.0,0
2020-06-29,EA,130.33348,131.71663,128.56227,130.04492,1679600,0.0,0
2020-06-30,EA,131.95547,131.95547,130.0549,131.39824,2177400,0.0,0
2020-07-01,EA,131.38828,134.8511,130.68178,134.55258,3026300,0.0,0
2020-07-02,EA,135.74664,135.74664,132.81122,133.17938,1893300,0.0,0
2020-07-06,EA,134.80135,135.84616,132.85101,133.60727,2322100,0.0,0
2020-07-07,EA,133.20924,136.74173,133.1396,134.11476,1895900,0.0,0
2020-07-08,EA,135.23917,135.66704,133.84607,134.94064,1866600,0.0,0
2020-07-09,EA,135.68697,138.42339,135.38844,138.08507,2312100,0.0,0
2020-07-10,EA,138.73187,140.55284,137.60744,140.115,2119800,0.0,0
2020-07-13,EA,140.314,140.8812,134.10481,134.64214,2570300,0.0,0
2020-07-14,EA,133.53761,138.10495,132.82117,137.84624,2409300,0.0,0
2020-07-15,EA,137.29895,138.294,135.16951,137.74672,2050900,0.0,0
2020-07-16,EA,137.15964,137.67708,135.07996,137.3686,1301700,0.0,0
2020-07-17,EA,137.49796,138.04524,136.16458,137.62732,2040700,0.0,0
2020-07-20,EA,138.74179,141.60759,138.06516,140.83144,1589700,0.0,0
2020-07-21,EA,140.86128,141.28917,138.20447,138.65224,1481400,0.0,0
2020-07-22,EA,140.2543,140.2543,137.1895,137.61739,2057600,0.0,0
2020-07-23,EA,138.61246,138.88112,134.065,134.6919,1896400,0.0,0
2020-07-24,EA,133.08984,135.58745,132.06493,134.5725,1354100,0.0,0
2020-07-27,EA,134.82126,136.4631,134.15456,135.48795,1819200,0.0,0
2020-07-28,EA,134.7516,135.6372,133.72668,134.11476,1319800,0.0,0
2020-07-29,EA,135.09987,135.8362,134.02519,135.25906,1532800,0.0,0
2020-07-30,EA,135.0302,138.1547,134.58241,137.90593,2717700,0.0,0
2020-07-31,EA,141.33891,142.13496,136.42331,140.92099,4301200,0.0,0
2020-08-03,EA,140.85135,142.72206,138.86122,141.65735,2233800,0.0,0
2020-08-04,EA,142.533,145.77692,142.3937,145.59781,2680300,0.0,0
2020-08-05,EA,145.10028,145.6177,142.55292,145.4585,1936900,0.0,0
2020-08-06,EA,145.60776,146.63266,143.78679,146.22469,1671700,0.0,0
2020-08-07,EA,145.70723,146.1152,141.61752,143.27928,1514800,0.0,0
2020-08-10,EA,142.0653,143.2793,138.81145,140.00552,1378300,0.0,0
2020-08-11,EA,140.45328,140.45328,134.89087,135.03018,2221700,0.0,0
2020-08-12,EA,136.20438,139.6075,135.50781,139.20946,1714200,0.0,0
2020-08-13,EA,140.42345,142.14493,139.88612,141.07025,1191200,0.0,0
2020-08-14,EA,140.94089,141.30905,139.25922,139.73685,1904200,0.0,0
2020-08-17,EA,138.56268,140.2742,137.62732,139.75676,1481000,0.0,0
2020-08-18,EA,139.906,142.03545,139.46819,141.87624,1413900,0.0,0
2020-08-19,EA,141.57773,142.91112,140.37372,141.1598,1816600,0.0,0
2020-08-20,EA,140.92099,143.24945,140.3538,142.7718,1268100,0.0,0
2020-08-21,EA,142.05536,142.28423,140.14484,140.51302,1940000,0.0,0
2020-08-24,EA,141.56778,142.13496,140.51302,141.62749,1842600,0.0,0
2020-08-25,EA,141.30907,141.69714,140.30405,141.50809,857600,0.0,0
2020-08-26,EA,141.35881,143.78677,141.35881,142.92107,1580500,0.0,0
2020-08-27,EA,142.6723,143.03053,139.15973,141.07025,1923000,0.0,0
2020-08-28,EA,141.63745,141.63745,139.31894,140.1747,1553800,0.0,0
2020-08-31,EA,140.38365,140.41351,137.4084,138.7816,2727200,0.0,0
2020-09-01,EA,140.04536,140.04536,136.40341,137.60744,2710100,0.0,0
2020-09-02,EA,137.31886,139.60751,135.96558,138.87115,2337400,0.0,0
2020-09-03,EA,137.55768,137.55768,130.57233,132.16443,3430500,0.0,0
2020-09-04,EA,130.9803,131.99525,126.28359,129.4877,2429700,0.0,0
2020-09-08,EA,126.83088,126.87068,122.72127,123.68648,4622600,0.0,0
2020-09-09,EA,125.91542,128.88072,124.27357,128.06476,2776500,0.0,0
2020-09-10,EA,129.23894,130.48277,125.7164,126.63187,2460000,0.0,0
2020-09-11,EA,127.35826,127.75629,123.78598,125.39798,1746600,0.0,0
2020-09-14,EA,127.29856,127.37816,125.30843,125.5572,1376900,0.0,0
2020-09-15,EA,127.35826,129.21904,126.87068,127.69659,2129600,0.0,0
2020-09-16,EA,128.35333,128.88072,125.84577,126.11443,1832200,0.0,0
2020-09-17,EA,123.60687,125.91542,122.93023,124.64174,2151800,0.0,0
2020-09-18,EA,124.8706,126.07462,122.76107,125.27858,3402700,0.0,0
2020-09-21,EA,123.71633,127.8359,123.53722,127.65678,2017400,0.0,0
2020-09-22,EA,129.19914,130.57233,127.82596,130.37332,2081900,0.0,0
2020-09-23,EA,130.9206,131.66689,127.30851,127.78613,2444400,0.0,0
2020-09-24,EA,127.577194,129.66682,127.45778,128.68172,2001500,0.0,0
2020-09-25,EA,128.87074,131.35841,128.05481,130.54247,1915600,0.0,0
2020-09-28,EA,132.70177,133.18935,130.22404,131.62709,1796500,0.0,0
2020-09-29,EA,131.40817,131.77634,128.86081,129.37825,1793500,0.0,0
2020-09-30,EA,129.08968,131.33853,128.81107,129.76633,2164200,0.0,0
2020-10-01,EA,131.41815,133.39832,130.81116,132.12463,1868800,0.0,0
2020-10-02,EA,130.72157,131.5873,127.07964,128.43294,1751200,0.0,0
2020-10-05,EA,129.44789,132.29378,128.43294,130.07478,1270100,0.0,0
2020-10-06,EA,129.71657,129.75636,123.90539,124.22381,3753700,0.0,0
2020-10-07,EA,125.786064,125.87562,123.35811,124.392975,3257500,0.0,0
2020-10-08,EA,125.47759,125.75621,123.805885,125.36813,1959600,0.0,0
2020-10-09,EA,126.23384,127.806046,125.29848,126.82092,1991700,0.0,0
2020-10-12,EA,128.3434,131.41815,127.19907,130.23402,2106600,0.0,0
2020-10-13,EA,131.2191,132.88086,129.51755,132.28383,2117300,0.0,0
2020-10-14,EA,133.12964,133.1993,131.08977,132.09477,2520500,0.0,0
2020-10-15,EA,130.42307,131.75645,129.23894,130.69173,1900100,0.0,0
2020-10-16,EA,131.846,132.60225,130.40315,131.26886,1925000,0.0,0
2020-10-19,EA,132.48283,133.22914,128.87074,129.22897,1454300,0.0,0
2020-10-20,EA,129.77628,129.95538,126.46271,126.73138,2249200,0.0,0
2020-10-21,EA,127.34832,128.81105,126.67167,127.01994,2200800,0.0,0
2020-10-22,EA,127.1493,127.37816,124.781044,126.29354,1791800,0.0,0
2020-10-23,EA,126.61196,127.01994,124.9104,126.14428,1215200,0.0,0
2020-10-26,EA,125.786064,126.870674,124.412865,126.054726,2166000,0.0,0
2020-10-27,EA,126.73138,126.950294,125.47759,125.99503,1452800,0.0,0
2020-10-28,EA,124.99997,126.44281,124.19396,124.980064,2079600,0.0,0
2020-10-29,EA,125.16912,125.54724,122.164024,123.28845,2633500,0.0,0
2020-10-30,EA,122.38294,123.47751,117.935005,119.23854,3312900,0.0,0
2020-11-02,EA,120.34307,120.46247,117.20862,119.21864,2650000,0.0,0
2020-11-03,EA,120.154,120.86049,118.81066,120.14404,2022200,0.0,0
2020-11-04,EA,124.2636,126.35325,123.10934,124.69148,2594800,0.0,0
2020-11-05,EA,128.24388,128.24388,125.6567,127.69659,3291700,0.0,0
2020-11-06,EA,118.91017,120.10425,113.96471,118.60171,12151100,0.0,0
2020-11-09,EA,115.88518,120.701294,109.60632,116.39266,7097200,0.0,0
2020-11-10,EA,116.41256,119.93509,114.21347,118.34299,4454200,0.0,0
2020-11-11,EA,119.70622,120.04454,117.00959,119.18878,3572900,0.0,0
2020-11-12,EA,120.33311,121.71625,118.38278,118.73106,2339800,0.0,0
2020-11-13,EA,119.62662,120.8605,118.780815,120.20376,2110900,0.0,0
2020-11-16,EA,118.6614,120.1142,116.969795,118.01461,3069300,0.0,0
2020-11-17,EA,118.74101,120.0545,117.46733,117.935005,2954200,0.0,0
2020-11-18,EA,117.7559,117.99471,116.07424,116.2633,2509200,0.0,0
2020-11-19,EA,116.16379,120.92019,115.83542,119.547005,2839200,0.0,0
2020-11-20,EA,118.94002,122.39289,118.51214,121.26847,3186800,0.0,0
2020-11-23,EA,121.42767,122.78096,119.84553,121.258514,2085800,0.0,0
2020-11-24,EA,120.89034,121.36797,119.14898,119.65646,3471800,0.0,0
2020-11-25,EA,120.2137,122.95013,120.00474,120.91025,2850900,0.0,0
2020-11-27,EA,122.97003,124.38302,121.80581,123.55711,2489400,0.0,0
2020-11-30,EA,124.15415,127.76623,122.66155,127.119446,10085200,0.0,0
2020-12-01,EA,127.119446,127.537926,125.20638,126.78067,2826200,0.17,0
2020-12-02,EA,126.57143,129.2816,126.023415,129.07236,1905700,0.0,0
2020-12-03,EA,130.0289,130.39757,127.71728,127.916565,2352200,0.0,0
2020-12-04,EA,125.96364,128.68378,125.79425,128.22545,2743100,0.0,0
2020-12-07,EA,128.72363,130.50717,128.41476,130.36768,2671200,0.0,0
2020-12-08,EA,129.95915,132.06154,129.25172,131.67294,2835800,0.0,0
2020-12-09,EA,131.0851,133.14763,130.36769,132.68929,4229400,0.0,0
2020-12-10,EA,131.18472,134.88133,130.7762,134.19382,2903800,0.0,0
2020-12-11,EA,134.29346,136.61505,134.14401,135.30978,3195700,0.0,0
2020-12-14,EA,138.00005,138.08972,136.1069,137.0435,3356900,0.0,0
2020-12-15,EA,137.31253,140.29175,136.61507,140.15225,3394600,0.0,0
2020-12-16,EA,138.99641,142.93214,138.82703,141.08884,4029200,0.0,0
2020-12-17,EA,141.43756,141.98558,137.82068,139.34515,3625700,0.0,0
2020-12-18,EA,140.15224,142.4539,139.07614,142.0952,4874000,0.0,0
2020-12-21,EA,141.11873,141.85605,138.46834,140.50096,2631100,0.0,0
2020-12-22,EA,140.73015,141.2084,138.18935,138.92667,2102900,0.0,0
2020-12-23,EA,139.01636,141.87599,138.12956,140.99916,1762400,0.0,0
2020-12-24,EA,140.80984,141.68666,140.27179,141.29807,688100,0.0,0
2020-12-28,EA,141.81621,142.03542,138.27902,140.21202,1756100,0.0,0
2020-12-29,EA,140.49101,141.61694,139.7736,140.1921,1188400,0.0,0
2020-12-30,EA,140.8796,142.11513,140.3814,141.53722,1684500,0.0,0
2020-12-31,EA,141.39772,143.34067,141.39772,143.08162,1689900,0.0,0
2021-01-04,EA,142.9222,143.13144,137.66125,139.00638,3587000,0.0,0
2021-01-05,EA,139.72377,140.88954,137.99007,140.80984,2117800,0.0,0
2021-01-06,EA,138.01996,139.6939,135.89764,136.30617,2398500,0.0,0
2021-01-07,EA,136.83424,140.36145,136.50543,140.23193,2936200,0.0,0
2021-01-08,EA,140.35152,141.4874,139.42487,141.3479,1902700,0.0,0
2021-01-11,EA,141.00912,141.2084,138.8071,140.7102,2589800,0.0,0
2021-01-12,EA,140.58067,141.28812,136.80435,138.558,2166700,0.0,0
2021-01-13,EA,138.06978,138.44841,134.14401,135.84782,3696500,0.0,0
2021-01-14,EA,136.33606,138.87686,135.6386,138.43845,3511800,0.0,0
2021-01-15,EA,138.75726,140.15222,137.41216,138.49821,2443700,0.0,0
2021-01-19,EA,138.90675,142.4838,137.50183,140.91945,2693300,0.0,0
2021-01-20,EA,141.91583,145.39323,141.27814,145.0744,3288400,0.0,0
2021-01-21,EA,145.08437,146.74834,144.21751,145.44307,3014000,0.0,0
2021-01-22,EA,144.45662,145.9512,143.98833,145.47295,3369200,0.0,0
2021-01-25,EA,148.2728,149.75743,144.8552,145.77187,3728600,0.0,0
2021-01-26,EA,145.83165,146.42949,144.66588,145.77187,3660300,0.0,0
2021-01-27,EA,145.30357,148.39236,144.01822,145.70212,4368100,0.0,0
2021-01-28,EA,145.67221,146.10068,142.38412,142.49373,3276700,0.0,0
2021-01-29,EA,140.49101,144.04814,139.96294,142.68307,3665400,0.0,0
2021-02-01,EA,143.27094,146.7583,143.01189,145.34343,4123100,0.0,0
2021-02-02,EA,145.6224,149.75743,145.6224,148.43224,4185700,0.0,0
2021-02-03,EA,143.83888,144.08797,137.54169,140.31166,6695600,0.0,0
2021-02-04,EA,140.05258,141.63684,137.2627,138.12956,3930200,0.0,0
2021-02-05,EA,139.40494,141.95569,138.79713,140.7102,3899200,0.0,0
2021-02-08,EA,141.4874,141.97563,138.83699,141.94574,2538400,0.0,0
2021-02-09,EA,142.05534,147.6949,141.91585,145.58257,4517900,0.0,0
2021-02-10,EA,146.41951,146.87787,143.59973,144.08797,2827100,0.0,0
2021-02-11,EA,144.80537,147.40596,144.08797,146.79816,2592700,0.0,0
2021-02-12,EA,146.29002,147.30632,144.51643,147.2067,1666100,0.0,0
2021-02-16,EA,146.31992,147.37608,144.09795,145.25377,2526400,0.0,0
2021-02-17,EA,144.54633,145.50285,142.85245,145.30357,1653900,0.0,0
2021-02-18,EA,145.52278,147.87425,143.65952,146.87787,2087500,0.0,0
2021-02-19,EA,147.14688,148.44218,144.91498,145.42313,2144000,0.0,0
2021-02-22,EA,144.1378,144.87512,141.48741,141.74646,1833100,0.0,0
2021-02-23,EA,139.72377,141.4575,135.69836,140.66039,2787000,0.0,0
2021-02-24,EA,137.80075,139.11598,136.43568,137.18298,3735500,0.0,0
2021-02-25,EA,136.75453,138.45837,133.61592,134.7518,3042600,0.0,0
2021-02-26,EA,135.22011,137.33246,133.4266,133.48639,3646600,0.0,0
2021-03-01,EA,134.35324,137.36234,134.27353,136.77448,2867400,0.0,0
2021-03-02,EA,136.82434,137.95166,135.27803,136.49513,2720500,0.17,0
2021-03-03,EA,135.60724,136.4253,132.40486,132.73409,2778500,0.0,0
2021-03-04,EA,132.25523,134.45,130.2001,130.97826,2938300,0.0,0
2021-03-05,EA,131.2177,132.61436,129.20248,132.28516,2511000,0.0,0
2021-03-08,EA,131.6766,132.20534,126.868034,126.90794,2182200,0.0,0
2021-03-09,EA,129.93076,132.7241,129.66139,130.61911,2936700,0.0,0
2021-03-10,EA,132.32506,132.32506,129.50177,129.81104,1842300,0.0,0
2021-03-11,EA,132.1455,132.49464,130.68895,131.02814,2218100,0.0,0
2021-03-12,EA,129.62148,130.68895,128.9032,130.18016,1327700,0.0,0
2021-03-15,EA,130.13028,130.62909,128.83336,130.57921,2181700,0.0,0
2021-03-16,EA,132.1455,133.38254,131.18776,131.4272,2281000,0.0,0
2021-03-17,EA,130.93835,130.93835,128.44429,130.2899,2398600,0.0,0
2021-03-18,EA,129.73123,130.26996,126.98776,127.696075,3482500,0.0,0
2021-03-19,EA,128.21483,129.50177,127.67612,128.09511,4191400,0.0,0
2021-03-22,EA,129.10274,132.14551,128.29466,131.09799,3153600,0.0,0
2021-03-23,EA,131.22766,134.16068,130.72885,132.73409,2521200,0.0,0
2021-03-24,EA,132.65428,132.99347,129.40202,129.4918,2165800,0.0,0
2021-03-25,EA,128.75356,130.1203,127.86567,129.72125,1956600,0.0,0
2021-03-26,EA,129.93076,132.6842,129.37207,132.53456,2229500,0.0,0
2021-03-29,EA,132.19536,135.68704,131.21768,134.64952,2366900,0.0,0
2021-03-30,EA,133.09323,134.19061,132.12553,134.1108,1952000,0.0,0
2021-03-31,EA,134.39015,136.34549,133.95119,135.04857,2305100,0.0,0
2021-04-01,EA,136.40533,138.09132,135.9564,137.63243,1724900,0.0,0
2021-04-05,EA,137.18349,141.41342,136.94406,141.20392,2424400,0.0,0
2021-04-06,EA,140.75499,142.08183,140.06662,140.94453,2129800,0.0,0
2021-04-07,EA,140.96448,142.431,140.42577,141.67279,1910200,0.0,0
2021-04-08,EA,142.50082,142.88991,140.35594,141.2139,1776000,0.0,0
2021-04-09,EA,140.26616,140.39584,138.11128,140.1265,1765500,0.0,0
2021-04-12,EA,139.08896,141.35358,138.99918,141.11414,2058100,0.0,0
2021-04-13,EA,142.25143,143.53839,141.11415,141.77258,2105300,0.0,0
2021-04-14,EA,141.58302,142.71034,140.93457,141.27376,1424900,0.0,0
2021-04-15,EA,141.27376,142.63052,140.2861,142.431,1654300,0.0,0
2021-04-16,EA,141.77257,142.07185,139.93694,140.71509,2468400,0.0,0
2021-04-19,EA,139.66757,141.01437,138.42055,139.29846,2856300,0.0,0
2021-04-20,EA,139.26854,141.41344,138.50037,140.52554,2058300,0.0,0
2021-04-21,EA,139.97685,140.86473,138.75974,140.70511,1576700,0.0,0
2021-04-22,EA,140.77495,142.92982,140.0866,140.92459,2498500,0.0,0
2021-04-23,EA,142.1816,143.25903,140.50558,142.80013,2365300,0.0,0
2021-04-26,EA,143.28897,145.04478,142.70036,143.44858,1749200,0.0,0
2021-04-27,EA,144.01723,144.08705,142.16164,143.11937,2159500,0.0,0
2021-04-28,EA,143.74786,144.60583,142.9797,143.64812,1453500,0.0,0
2021-04-29,EA,143.95737,146.37163,143.14929,145.99252,1698700,0.0,0
2021-04-30,EA,144.75548,145.94264,141.56306,141.74265,2551400,0.0,0
2021-05-03,EA,142.37115,143.12935,140.71509,140.84477,2242800,0.0,0
2021-05-04,EA,140.39584,140.5455,135.42767,136.73456,2511900,0.0,0
2021-05-05,EA,137.69229,140.27614,137.30322,137.53267,2126700,0.0,0
2021-05-06,EA,137.25333,141.08421,137.25333,141.0044,1957300,0.0,0
2021-05-07,EA,142.25142,143.49844,141.44334,142.08182,1603800,0.0,0
2021-05-10,EA,141.11414,142.98967,140.2861,140.31602,3119100,0.0,0
2021-05-11,EA,138.57019,142.13171,138.36069,141.02435,4112800,0.0,0
2021-05-12,EA,141.32364,142.36118,137.46283,139.33836,5809100,0.0,0
2021-05-13,EA,138.59015,140.60535,137.70226,138.79965,2322900,0.0,0
2021-05-14,EA,139.8771,140.37592,137.5227,138.29086,2494400,0.0,0
2021-05-17,EA,136.7246,138.0215,136.126,137.20345,2031200,0.0,0
2021-05-18,EA,136.98396,140.35594,136.43526,137.73218,2079500,0.0,0
2021-05-19,EA,135.6571,138.86946,135.23811,138.55023,1720100,0.0,0
2021-05-20,EA,139.58777,142.76022,138.67993,141.47328,2459000,0.0,0
2021-05-21,EA,142.13171,142.85,139.54787,139.83717,2967400,0.0,0
2021-05-24,EA,141.05428,142.33124,139.83717,141.75261,1649800,0.0,0
2021-05-25,EA,142.25142,143.49846,141.16402,142.91983,1897000,0.0,0
2021-05-26,EA,143.65808,145.38397,142.84003,143.64812,1617000,0.0,0
2021-05-27,EA,142.9797,144.117,142.18161,142.59062,1913200,0.0,0
2021-05-28,EA,142.96973,143.8676,142.38113,142.59062,1341000,0.0,0
2021-06-01,EA,142.00133,143.97897,142.00133,143.4496,2610300,0.17,0
2021-06-02,EA,143.51953,143.68933,140.7628,141.23224,1522100,0.0,0
2021-06-03,EA,140.72285,142.38087,140.48312,141.82155,1574900,0.0,0
2021-06-04,EA,142.73045,145.647,142.47076,145.03772,1919500,0.0,0
2021-06-07,EA,144.56828,145.78683,143.8791,145.54712,1510500,0.0,0
2021-06-08,EA,146.27625,147.08528,145.02773,145.32738,1157900,0.0,0
2021-06-09,EA,146.10645,147.26508,145.3973,145.647,1769800,0.0,0
2021-06-10,EA,146.18636,146.22629,142.14114,145.48718,3279100,0.0,0
2021-06-11,EA,145.0577,146.58588,144.808,146.21632,1247500,0.0,0
2021-06-14,EA,146.48601,148.56354,145.97661,148.37376,1746200,0.0,0
2021-06-15,EA,148.74332,148.7533,144.13878,144.6282,1795600,0.0,0
2021-06-16,EA,143.7892,144.08884,140.28336,142.43082,2922500,0.0,0
2021-06-17,EA,141.97136,143.37968,140.5031,141.7616,2199700,0.0,0
2021-06-18,EA,141.83153,142.47076,139.75398,140.95256,3235600,0.0,0
2021-06-21,EA,139.21465,141.92142,138.62534,140.79277,2628500,0.0,0
2021-06-22,EA,141.00252,141.49194,139.90382,140.69289,1531700,0.0,0
2021-06-23,EA,140.7528,141.50192,138.066,138.45554,1730100,0.0,0
2021-06-24,EA,138.3956,139.33449,137.43675,138.48549,1642900,0.0,0
2021-06-25,EA,139.02486,139.55423,137.88622,138.42557,2266800,0.0,0
2021-06-28,EA,139.52428,144.2986,139.32451,142.81036,2626800,0.0,0
2021-06-29,EA,143.01013,144.35854,142.06125,143.92905,1575400,0.0,0
2021-06-30,EA,144.14879,144.4684,142.98016,143.65936,1799900,0.0,0
2021-07-01,EA,143.2898,143.64937,141.26219,141.97136,2621600,0.0,0
2021-07-02,EA,143.11998,143.73926,141.96138,143.23985,1224500,0.0,0
2021-07-06,EA,143.36969,143.6194,141.79158,142.83034,1884300,0.0,0
2021-07-07,EA,143.91904,144.07886,142.37088,142.7804,1956900,0.0,0
2021-07-08,EA,141.15233,142.21107,139.87384,140.28336,1863700,0.0,0
2021-07-09,EA,139.38443,141.31213,139.32451,140.82272,1738700,0.0,0
2021-07-12,EA,142.38087,142.38087,140.39323,141.22224,1946400,0.0,0
2021-07-13,EA,143.26982,145.74687,142.29099,143.08005,2695800,0.0,0
2021-07-14,EA,143.13997,144.82797,142.3609,142.9502,1933100,0.0,0
2021-07-15,EA,143.17993,144.32857,141.40205,142.49075,2423200,0.0,0
2021-07-16,EA,142.46078,143.83913,141.06242,142.93022,3419700,0.0,0
2021-07-19,EA,142.88028,144.99776,140.19347,141.07243,2199100,0.0,0
2021-07-20,EA,141.1823,141.82153,139.71405,140.90263,1870000,0.0,0
2021-07-21,EA,143.71928,143.71928,140.03365,140.55304,2071100,0.0,0
2021-07-22,EA,139.90382,142.29099,139.90382,142.12117,1913200,0.0,0
2021-07-23,EA,142.48074,145.18753,141.60179,144.81798,2269500,0.0,0
2021-07-26,EA,144.94781,145.83676,143.6294,145.07767,1307000,0.0,0
2021-07-27,EA,144.8879,145.0477,140.15352,141.7616,2126600,0.0,0
2021-07-28,EA,142.18112,144.99777,142.07126,143.38968,1353700,0.0,0
2021-07-29,EA,143.77922,144.45842,142.7105,143.2099,1643100,0.0,0
2021-07-30,EA,142.67053,145.2275,142.28099,143.78922,2825200,0.0,0
2021-08-02,EA,144.82797,145.46721,143.63937,143.93903,2054200,0.0,0
2021-08-03,EA,142.47076,143.14996,137.00725,139.63414,4492500,0.0,0
2021-08-04,EA,139.35446,141.1723,138.19585,139.744,2897400,0.0,0
2021-08-05,EA,144.65817,146.32619,134.68002,136.70761,5516100,0.0,0
2021-08-06,EA,136.30809,137.16707,135.24934,136.17824,2400900,0.0,0
2021-08-09,EA,136.5478,137.67645,135.26932,135.99846,1722800,0.0,0
2021-08-10,EA,135.94852,136.92734,134.99963,136.86742,2210400,0.0,0
2021-08-11,EA,137.75638,138.28574,136.89738,138.13593,1841300,0.0,0
2021-08-12,EA,137.94614,138.85507,136.76753,138.8251,1871500,0.0,0
2021-08-13,EA,138.77516,139.2346,138.02605,138.51546,1572600,0.0,0
2021-08-16,EA,137.79633,139.85387,137.23697,139.8339,1789100,0.0,0
2021-08-17,EA,139.00488,141.99135,138.47552,140.87267,2340800,0.0,0
2021-08-18,EA,140.77278,141.73163,139.65411,139.82391,2091100,0.0,0
2021-08-19,EA,139.21465,141.24223,138.915,140.4332,1888400,0.0,0
2021-08-20,EA,140.7528,141.61179,139.46434,140.0037,2329900,0.0,0
2021-08-23,EA,139.98372,143.32974,139.15471,142.65056,1895900,0.0,0
2021-08-24,EA,142.99016,144.17876,141.99135,142.40086,1501900,0.0,0
2021-08-25,EA,142.60062,142.60062,139.84389,141.6917,1638200,0.0,0
2021-08-26,EA,141.81154,142.72047,141.0125,141.30215,1016300,0.0,0
2021-08-27,EA,141.3521,143.14996,141.04248,142.77042,1144000,0.0,0
2021-08-30,EA,142.0313,144.15877,140.8427,143.12,2011300,0.0,0
2021-08-31,EA,143.66,147.13,142.6,145.21,3467600,0.17,0
2021-09-01,EA,145.34,147.0,144.95,146.43,1570100,0.0,0
2021-09-02,EA,146.87,147.76,144.99,145.4,2240600,0.0,0
2021-09-03,EA,144.96,146.95,144.96,146.6,1192700,0.0,0
2021-09-07,EA,147.09,147.09,145.12,145.22,1495700,0.0,0
2021-09-08,EA,145.76,147.51,144.39,144.83,954012,0.0,0
2021-09-09,EA,143.27000427246094,144.24000549316406,140.80999755859375,142.30999755859375,2624700,0.0,0
2021-09-10,EA,142.02000427246094,146.92999267578125,141.47000122070312,145.1300048828125,3405404,0.0,0
2021-09-13,EA,145.41000366210938,146.91000366210938,143.91000366210938,144.67999267578125,2131400,0.0,0
2021-09-14,EA,145.22000122070312,145.94000244140625,144.30999755859375,145.3699951171875,1318400,0.0,0
2021-09-15,EA,142.14999389648438,142.24000549316406,135.83999633789062,137.0399932861328,6359000,0.0,0
2021-09-16,EA,137.91000366210938,139.6999969482422,135.52999877929688,135.9600067138672,4637600,0.0,0
2021-09-17,EA,135.1699981689453,135.5,133.1999969482422,133.8800048828125,3670025,0.0,0
2021-09-20,EA,131.97999572753906,132.52999877929688,128.75999450683594,130.08999633789062,3533200,0.0,0
2021-09-21,EA,130.00999450683594,130.5,126.55999755859376,126.76000213623048,3689800,0.0,0
2021-09-22,EA,126.19000244140624,127.62000274658205,124.87999725341795,126.4000015258789,4214400,0.0,0
2021-09-23,EA,126.98999786376952,129.1199951171875,126.12000274658205,127.88999938964844,2571600,0.0,0
2021-09-24,EA,127.04000091552734,130.02000427246094,126.86000061035156,129.89999389648438,2327300,0.0,0
2021-09-27,EA,129.27000427246094,132.55999755859375,128.94000244140625,131.97999572753906,3326800,0.0,0
2021-09-28,EA,131.86000061035156,135.0,131.52000427246094,133.77000427246094,4349800,0.0,0
2021-09-29,EA,133.85000610351562,139.58999633789062,133.80999755859375,137.94000244140625,5656600,0.0,0
2021-09-30,EA,139.30999755859375,144.1300048828125,138.85000610351562,142.25,5017700,0.0,0
2021-10-01,EA,141.89999389648438,144.11000061035156,139.5399932861328,143.58999633789062,3196200,0.0,0
2021-10-04,EA,143.36000061035156,145.4600067138672,140.02000427246094,143.16000366210938,3215700,0.0,0
2021-10-05,EA,143.1300048828125,144.72999572753906,142.60000610351562,144.08999633789062,2682100,0.0,0
2021-10-06,EA,143.5800018310547,143.5800018310547,132.86000061035156,134.07000732421875,8344300,0.0,0
2021-10-07,EA,134.75999450683594,138.1199951171875,134.39999389648438,137.58999633789062,3627300,0.0,0
2021-10-08,EA,137.47999572753906,140.55999755859375,137.41000366210938,139.99000549316406,2163000,0.0,0
2021-10-11,EA,139.9199981689453,140.61000061035156,137.50999450683594,139.47000122070312,1908200,0.0,0
2021-10-12,EA,139.52999877929688,139.8300018310547,136.0,136.6699981689453,3091900,0.0,0
2021-10-13,EA,136.9600067138672,137.75999450683594,132.9499969482422,136.44000244140625,3097400,0.0,0
2021-10-14,EA,136.72000122070312,137.66000366210938,134.6199951171875,135.7100067138672,2434400,0.0,0
2021-10-15,EA,135.85000610351562,136.69000244140625,133.27000427246094,134.75,3298800,0.0,0
2021-10-18,EA,134.64999389648438,135.72999572753906,134.1999969482422,134.7100067138672,1755900,0.0,0
2021-10-19,EA,135.47999572753906,136.77000427246094,134.5,136.75,1614400,0.0,0
2021-10-20,EA,137.4600067138672,139.32000732421875,137.2100067138672,139.1999969482422,1763200,0.0,0
2021-10-21,EA,139.2100067138672,140.83999633789062,138.27000427246094,140.6300048828125,1853600,0.0,0
2021-10-22,EA,141.0,144.16000366210938,140.60000610351562,141.07000732421875,2495300,0.0,0
2021-10-25,EA,141.11000061035156,143.7899932861328,140.5,142.19000244140625,2155600,0.0,0
2021-10-26,EA,142.9199981689453,144.11000061035156,141.72000122070312,142.39999389648438,1543000,0.0,0
2021-10-27,EA,142.67999267578125,142.75999450683594,140.30999755859375,140.3699951171875,1697000,0.0,0
2021-10-28,EA,140.25,141.19000244140625,139.10000610351562,140.22999572753906,1372600,0.0,0
2021-10-29,EA,140.4199981689453,140.83999633789062,138.91000366210938,140.25,1990500,0.0,0
2021-11-01,EA,140.91000366210938,143.41000366210938,140.02000427246094,141.77000427246094,2068300,0.0,0
2021-11-02,EA,141.55999755859375,141.75,138.74000549316406,140.1699981689453,2514400,0.0,0
2021-11-03,EA,137.6999969482422,140.72000122070312,136.4199981689453,139.5,3562300,0.0,0
2021-11-04,EA,143.3800048828125,146.72000122070312,142.0,142.47999572753906,3496100,0.0,0
2021-11-05,EA,144.19000244140625,144.6999969482422,138.61000061035156,139.57000732421875,2757800,0.0,0
2021-11-08,EA,139.99000549316406,140.32000732421875,137.63999938964844,138.16000366210938,2538200,0.0,0
2021-11-09,EA,139.35000610351562,141.0,138.6699981689453,139.7899932861328,1796000,0.0,0
2021-11-10,EA,139.6699981689453,141.9600067138672,138.5,139.27999877929688,2058800,0.0,0
2021-11-11,EA,140.14999389648438,145.80999755859375,139.75,144.4499969482422,3109500,0.0,0
2021-11-12,EA,143.86000061035156,146.58999633789062,143.5399932861328,145.44000244140625,1613600,0.0,0
2021-11-15,EA,143.61000061035156,144.38999938964844,137.63999938964844,141.27999877929688,3850900,0.0,0
2021-11-16,EA,141.1699981689453,143.36000061035156,138.57000732421875,139.55999755859375,2977500,0.0,0
2021-11-17,EA,138.6199951171875,140.6999969482422,137.60000610351562,138.13999938964844,2245900,0.0,0
2021-11-18,EA,137.27999877929688,137.82000732421875,135.11000061035156,137.3300018310547,4120500,0.0,0
2021-11-19,EA,137.25999450683594,137.4199981689453,132.19000244140625,132.38999938964844,3972400,0.0,0
2021-11-22,EA,131.6999969482422,131.8300018310547,125.30999755859376,126.27999877929688,5198500,0.0,0
2021-11-23,EA,125.75,129.2100067138672,125.58999633789062,128.41000366210938,3765400,0.0,0
2021-11-24,EA,128.25,128.57000732421875,124.80999755859376,126.6500015258789,2851100,0.0,0
2021-11-26,EA,130.8000030517578,130.88999938964844,125.47000122070312,125.97000122070312,2264100,0.0,0
2021-11-29,EA,125.9000015258789,126.11000061035156,123.06999969482422,124.87999725341795,2279200,0.0,0
2021-11-30,EA,125.87999725341795,128.58999633789062,123.27999877929688,124.22000122070312,5192800,0.0,0
2021-12-01,EA,125.0999984741211,125.95999908447266,120.08000183105467,120.2300033569336,3654100,0.0,0
2021-12-02,EA,120.6500015258789,123.76000213623048,120.6500015258789,122.58999633789062,3107200,0.0,0
2021-12-03,EA,123.63999938964844,125.5999984741211,123.08999633789062,125.2699966430664,3371300,0.0,0
2021-12-06,EA,127.2684834208681,127.63798056882388,124.70693316635764,126.13999938964844,2863915,0.0,0
2021-12-07,EA,127.25,128.0,125.93000030517578,126.1500015258789,2650223,0.17,0
2021-12-08,EA,126.37999725341795,127.3249969482422,125.12999725341795,126.37000274658205,2553671,0.0,0
2021-12-09,EA,126.48999786376952,126.875,124.69000244140624,125.0,2344271,0.0,0
2021-12-10,EA,126.1500015258789,127.37000274658205,124.66000366210938,125.63999938964844,2016165,0.0,0
2021-12-13,EA,125.63999938964844,128.3000030517578,125.63999938964844,126.7699966430664,2292900,0.0,0
2021-12-14,EA,125.9800033569336,128.33999633789062,125.9800033569336,126.8499984741211,2107800,0.0,0
2021-12-15,EA,127.6999969482422,129.24000549316406,125.81999969482422,128.89999389648438,2471000,0.0,0
2021-12-16,EA,128.61000061035156,129.77999877929688,128.02000427246094,129.38999938964844,1694800,0.0,0
2021-12-17,EA,129.33999633789062,130.8000030517578,127.27999877929688,127.5199966430664,3502800,0.0,0
2021-12-20,EA,126.45999908447266,130.1300048828125,126.45999908447266,129.9199981689453,2592100,0.0,0
2021-12-21,EA,130.97000122070312,132.32000732421875,129.19000244140625,132.1699981689453,2251400,0.0,0
2021-12-22,EA,132.0800018310547,133.25,130.5500030517578,131.47000122070312,2153700,0.0,0
2021-12-23,EA,131.27999877929688,133.00999450683594,130.86000061035156,132.5399932861328,1594000,0.0,0
2021-12-27,EA,133.27000427246094,133.75,132.3000030517578,133.0399932861328,1377300,0.0,0
2021-12-28,EA,133.24000549316406,134.97000122070312,133.0399932861328,133.47000122070312,1230700,0.0,0
2021-12-29,EA,133.89999389648438,134.1699981689453,131.88999938964844,133.13999938964844,912300,0.0,0
2021-12-30,EA,133.6999969482422,135.60000610351562,133.6999969482422,134.4600067138672,1177000,0.0,0
2021-12-31,EA,134.4600067138672,134.99000549316406,131.64999389648438,131.89999389648438,1610900,0.0,0
2022-01-03,EA,131.92999267578125,135.97999572753906,131.75,134.9499969482422,2033900,0.0,0
2022-01-04,EA,134.32000732421875,136.3000030517578,133.77999877929688,135.75999450683594,2110800,0.0,0
2022-01-05,EA,136.3000030517578,137.47999572753906,133.6300048828125,133.8000030517578,2531600,0.0,0
2022-01-06,EA,133.27999877929688,133.97000122070312,129.4199981689453,129.69000244140625,2270700,0.0,0
2022-01-07,EA,129.08999633789062,132.47000122070312,127.27999877929688,131.77999877929688,2435800,0.0,0
2022-01-10,EA,131.41000366210938,132.1699981689453,128.14999389648438,128.89999389648438,3053200,0.0,0
2022-01-11,EA,127.56999969482422,130.9600067138672,127.5500030517578,130.8000030517578,1797200,0.0,0
2022-01-12,EA,131.24000549316406,132.91000366210938,129.97000122070312,132.5,1677700,0.0,0
2022-01-13,EA,133.02999877929688,133.02999877929688,130.50999450683594,130.83999633789062,1343500,0.0,0
2022-01-14,EA,130.0399932861328,130.75,128.72000122070312,130.44000244140625,1633400,0.0,0
2022-01-18,EA,138.44000244140625,142.5500030517578,133.4499969482422,133.91000366210938,8758900,0.0,0
2022-01-19,EA,135.52000427246094,138.22000122070312,134.6999969482422,136.91000366210938,3820300,0.0,0
2022-01-20,EA,137.85000610351562,141.99000549316406,137.85000610351562,138.8800048828125,3116900,0.0,0
2022-01-21,EA,138.27999877929688,140.69000244140625,138.08999633789062,139.00999450683594,3119400,0.0,0
2022-01-24,EA,137.08999633789062,139.39999389648438,131.89999389648438,135.1999969482422,4262100,0.0,0
2022-01-25,EA,133.57000732421875,134.02000427246094,129.5399932861328,131.00999450683594,2386400,0.0,0
2022-01-26,EA,131.07000732421875,132.3300018310547,128.8300018310547,129.97999572753906,2333800,0.0,0
2022-01-27,EA,130.77000427246094,134.0399932861328,130.64999389648438,131.05999755859375,1781500,0.0,0
2022-01-28,EA,131.16000366210938,132.22999572753906,129.5800018310547,131.9199981689453,2154300,0.0,0
2022-01-31,EA,131.14999389648438,135.74000549316406,129.24000549316406,132.66000366210938,4471000,0.0,0
2022-02-01,EA,133.0800018310547,133.4600067138672,129.07000732421875,129.94000244140625,3828000,0.0,0
2022-02-02,EA,125.72000122070312,137.58999633789062,125.61000061035156,137.1699981689453,5723700,0.0,0
2022-02-03,EA,135.27999877929688,139.61000061035156,134.2899932861328,137.2899932861328,3409200,0.0,0
2022-02-04,EA,135.35000610351562,138.3800048828125,134.69000244140625,137.7100067138672,2396700,0.0,0
2022-02-07,EA,137.81419089819906,137.894085011367,135.41742845613666,136.21633911132812,1726100,0.0,0
2022-02-08,EA,136.13645825411766,137.06519873446413,134.0692381063884,134.18907165527344,2264900,0.0,0
2022-02-09,EA,135.5772040873444,135.8168864315209,132.40149302778815,135.60716247558594,1955800,0.0,0
2022-02-10,EA,133.0106802458049,136.7156767027511,133.0106802458049,134.7982635498047,1718600,0.0,0
2022-02-11,EA,134.7982536257037,136.23631719410182,133.6198497360821,133.91944885253906,1647900,0.0,0
2022-02-14,EA,133.69974738473294,134.27896829499934,132.26168377831212,133.2203826904297,1680500,0.0,0
2022-02-15,EA,134.21903723648657,135.27762284860376,133.1804442012468,134.31890869140625,1739100,0.0,0
2022-02-16,EA,133.56992203924926,134.41878371386213,131.28301194804058,133.11053466796875,2369300,0.0,0
2022-02-17,EA,132.89084485107406,132.89084485107406,129.75505784792972,130.22442626953125,1735700,0.0,0
2022-02-18,EA,129.8349456461114,130.99338744891713,128.74641690783005,129.15586853027344,2002000,0.0,0
2022-02-22,EA,127.877598452603,129.46545404332645,126.42954613933196,126.91888427734376,2182600,0.0,0
2022-02-23,EA,127.70781928174246,129.07597745294785,126.30971034079948,126.54938507080078,1908600,0.0,0
2022-02-24,EA,123.7431683114803,127.49810027305458,123.63331580854424,127.32833099365234,2083600,0.0,0
2022-02-25,EA,128.167200449357,128.85627387729627,126.6891973755819,128.53671264648438,2058600,0.0,0
2022-02-28,EA,127.58798364498897,131.31296485462246,127.58798364498897,129.9148406982422,3489100,0.0,0
2022-03-01,EA,130.37423296695064,131.41282602555506,127.35829477181396,127.97745513916016,1420400,0.0,0
2022-03-02,EA,128.06733710639267,129.54534009793863,127.4481691607266,129.08595275878906,1641800,0.0,0
2022-03-03,EA,130.01471156804104,130.22442028569793,127.25842556343264,127.6678695678711,1305700,0.0,0
2022-03-04,EA,126.60929733684426,127.51807573519552,126.0700234992164,126.31968688964844,1845600,0.0,0
2022-03-07,EA,126.29972030615956,128.3769215947091,124.90160376120804,126.09000396728516,2060200,0.0,0
2022-03-08,EA,125.4800033569336,125.87000274658205,122.1999969482422,122.66999816894533,2211600,0.17,0
2022-03-09,EA,124.04000091552734,125.95999908447266,123.29000091552734,125.5199966430664,2139500,0.0,0
2022-03-10,EA,124.62999725341795,125.9800033569336,122.66000366210938,123.68000030517578,1222000,0.0,0
2022-03-11,EA,124.62999725341795,125.45999908447266,122.16999816894533,122.33000183105467,1195200,0.0,0
2022-03-14,EA,122.18000030517578,122.43000030517578,118.23999786376952,119.12999725341795,1968000,0.0,0
2022-03-15,EA,119.13999938964844,121.11000061035156,117.58000183105467,120.8000030517578,1815900,0.0,0
2022-03-16,EA,121.29000091552734,123.88999938964844,121.12999725341795,123.8000030517578,1627800,0.0,0
2022-03-17,EA,123.44000244140624,125.23999786376952,122.66999816894533,125.18000030517578,1297300,0.0,0
2022-03-18,EA,124.2699966430664,126.4800033569336,123.38999938964844,126.27999877929688,2653400,0.0,0
2022-03-21,EA,125.08999633789062,126.4000015258789,124.63999938964844,125.55999755859376,1222100,0.0,0
2022-03-22,EA,125.9499969482422,128.17999267578125,124.75,127.93000030517578,1710000,0.0,0
2022-03-23,EA,127.37999725341795,128.05999755859375,124.05999755859376,124.63999938964844,2158400,0.0,0
2022-03-24,EA,125.05999755859376,125.56999969482422,123.62999725341795,125.56999969482422,2273400,0.0,0
2022-03-25,EA,126.02999877929688,127.51000213623048,125.3000030517578,127.31999969482422,1315600,0.0,0
2022-03-28,EA,127.66999816894533,128.1199951171875,126.1500015258789,128.0399932861328,1066000,0.0,0
2022-03-29,EA,129.22999572753906,129.72000122070312,127.3000030517578,128.8300018310547,1495300,0.0,0
2022-03-30,EA,128.02999877929688,128.8699951171875,127.12999725341795,127.68000030517578,1097000,0.0,0
2022-03-31,EA,128.17999267578125,128.19000244140625,125.8499984741211,126.51000213623048,1751000,0.0,0
2022-04-01,EA,126.8499984741211,127.19000244140624,123.33999633789062,125.2300033569336,2194000,0.0,0
2022-04-04,EA,125.80999755859376,128.55999755859375,125.4499969482422,128.02000427246094,1522600,0.0,0
2022-04-05,EA,127.1500015258789,128.72999572753906,125.5,125.86000061035156,1012400,0.0,0
2022-04-06,EA,125.26000213623048,126.98999786376952,124.36000061035156,124.8499984741211,1972000,0.0,0
2022-04-07,EA,124.94000244140624,125.33999633789062,122.52999877929688,123.4000015258789,1758000,0.0,0
2022-04-08,EA,122.87999725341795,124.56999969482422,122.2300033569336,123.4800033569336,1282400,0.0,0
2022-04-11,EA,123.05319550794664,124.55116492389652,122.164400930675,122.4140625,1793100,0.0,0
2022-04-12,EA,123.2029913866919,124.38139427392775,122.78355416854158,123.40271759033205,2581800,0.0,0
2022-04-13,EA,123.82214621326702,123.98193327017248,122.11446204268768,123.45265197753906,1532600,0.0,0
2022-04-14,EA,123.46263304309169,123.79218813389652,121.02594137606084,122.43402862548828,2036400,0.0,0
2022-04-18,EA,122.17437791598736,123.28287585709828,120.98599406579302,121.99462890625,1536600,0.0,0
2022-04-19,EA,119.95739397955349,124.14171671468658,119.95739397955349,123.87208557128906,1547300,0.0,0
2022-04-20,EA,123.93199785648017,124.68098254250128,122.96330977684228,123.14306640625,1571600,0.0,0
2022-04-21,EA,123.2629089729425,125.50986307245968,123.2629089729425,123.5724868774414,2442400,0.0,0
2022-04-22,EA,124.66101414544124,128.37597944218743,123.4626340650674,127.91659545898438,4237300,0.0,0
2022-04-25,EA,127.55708712260925,128.50579038045834,125.00054757656352,127.97650909423828,2718400,0.0,0
2022-04-26,EA,127.59702947420944,127.836702443621,124.17167249264288,124.4612808227539,1911600,0.0,0
2022-04-27,EA,124.30150091115588,124.43132218178904,120.84618577390783,121.05590057373048,2553100,0.0,0
2022-04-28,EA,122.6537299417148,124.13172971785237,121.50528525079974,123.24293518066406,1663000,0.0,0
2022-04-29,EA,122.84348244523578,123.85210971387755,117.5806122225899,117.89019775390624,3008100,0.0,0
2022-05-02,EA,118.58924706776938,121.40542930390026,117.59060077667236,119.83755493164062,2932200,0.0,0
2022-05-03,EA,119.88748549444573,122.5239109878742,119.8575197068965,122.34415435791016,2319200,0.0,0
2022-05-04,EA,122.71364632521788,123.68233438993936,120.18707257566294,123.5525131225586,1865200,0.0,0
2022-05-05,EA,122.92336675240644,123.42268989161172,118.13985778359825,119.44808197021484,2135300,0.0,0
2022-05-06,EA,118.99869009896538,119.33822616479294,114.23514324813716,115.13392639160156,2122500,0.0,0
2022-05-09,EA,114.13528265065209,114.6346057836312,111.5487848599058,111.8883285522461,3465600,0.0,0
2022-05-10,EA,112.90694383038304,113.47617189438952,109.09211541813164,111.44892120361328,6505800,0.0,0
2022-05-11,EA,114.44486301469824,126.09906336033195,113.9555284672003,120.32688903808594,7986700,0.0,0
2022-05-12,EA,118.15982558229403,121.99463119571546,118.15982558229403,120.78626251220705,4545000,0.0,0
2022-05-13,EA,121.45536110945292,125.11040246592124,120.97600755137418,124.77086639404295,3682500,0.0,0
2022-05-16,EA,124.8307806393647,128.7254949000599,124.25156398862217,127.21754455566406,2901900,0.0,0
2022-05-17,EA,126.4385989578656,132.40051813078705,126.378682622561,128.29608154296875,3920200,0.0,0
2022-05-18,EA,126.72821269021324,129.93386629006352,126.38866899782926,128.79541015625,4177100,0.0,0
2022-05-19,EA,128.8453478564076,132.95976567118078,128.27611216009984,129.843994140625,3542800,0.0,0
2022-05-20,EA,130.64290886955416,132.40052077212525,126.3487193564498,130.58297729492188,4727700,0.0,0
2022-05-23,EA,134.37783679561264,137.54354357561934,132.44046063490885,133.5889129638672,4589800,0.0,0
2022-05-24,EA,132.52035671953956,137.6034625666445,132.31064953660828,136.49496459960938,4920100,0.0,0
2022-05-25,EA,135.77594488307753,137.47364038578294,134.28795655029455,137.1640625,2717200,0.0,0
2022-05-26,EA,137.29387613557068,139.0614841868852,137.1440852999219,138.49224853515625,1685600,0.0,0
2022-05-27,EA,138.81183323342918,139.97026657799677,137.36379917178618,138.34246826171875,2411900,0.0,0
2022-05-31,EA,137.7133108497844,139.07147035013818,136.135463194996,138.46229553222656,2880300,0.0,0
2022-06-01,EA,139.2312585323202,139.91034590705578,137.29388236663232,139.3411102294922,2134500,0.0,0
2022-06-02,EA,138.54218684582784,141.54812174238754,137.43368892400616,141.30844116210938,2868100,0.0,0
2022-06-03,EA,140.49954989380106,142.59669797358777,139.9702685757025,140.8091278076172,2924200,0.0,0
2022-06-06,EA,141.2685015804997,142.03744820168075,139.68064250303695,140.16000366210938,1649200,0.0,0
2022-06-07,EA,139.02999877929688,141.02000427246094,138.72000122070312,140.97000122070312,1847200,0.19,0
2022-06-08,EA,140.6300048828125,141.47000122070312,138.75,139.22000122070312,1702500,0.0,0
2022-06-09,EA,138.3300018310547,140.17999267578125,135.77999877929688,135.80999755859375,2239800,0.0,0
2022-06-10,EA,133.52999877929688,134.97999572753906,132.75,133.44000244140625,2052800,0.0,0
2022-06-13,EA,131.25999450683594,131.91000366210938,128.6699981689453,128.75999450683594,2809700,0.0,0
2022-06-14,EA,129.16000366210938,129.77000427246094,126.27999877929688,127.37000274658205,2422100,0.0,0
2022-06-15,EA,127.6500015258789,130.60000610351562,127.0500030517578,129.25999450683594,2210100,0.0,0
2022-06-16,EA,126.87000274658205,128.72999572753906,126.02999877929688,127.9800033569336,2329600,0.0,0
2022-06-17,EA,127.76000213623048,129.5399932861328,125.8499984741211,128.5399932861328,3726000,0.0,0
2022-06-21,EA,129.77999877929688,130.94000244140625,128.5800018310547,130.38999938964844,2222900,0.0,0
2022-06-22,EA,129.1999969482422,130.72999572753906,128.82000732421875,129.02999877929688,2083500,0.0,0
2022-06-23,EA,128.97999572753906,130.0,127.70999908447266,128.9600067138672,2048700,0.0,0
2022-06-24,EA,130.1999969482422,131.0500030517578,128.5399932861328,130.1999969482422,6940500,0.0,0
2022-06-27,EA,129.1199951171875,129.7899932861328,123.23999786376952,125.5999984741211,3597600,0.0,0
2022-06-28,EA,125.91000366210938,126.56999969482422,122.61000061035156,122.87999725341795,3250600,0.0,0
2022-06-29,EA,123.0500030517578,124.0199966430664,121.68000030517578,122.83000183105467,1973600,0.0,0
2022-06-30,EA,122.43000030517578,123.3499984741211,121.06999969482422,121.6500015258789,2319000,0.0,0
2022-07-01,EA,120.9000015258789,123.0199966430664,120.70999908447266,122.7300033569336,1185900,0.0,0
2022-07-05,EA,121.5199966430664,125.0,120.54000091552734,124.75,1773100,0.0,0
2022-07-06,EA,124.88999938964844,125.2699966430664,123.5,124.3499984741211,1517600,0.0,0
2022-07-07,EA,124.13999938964844,126.3499984741211,123.7699966430664,125.5999984741211,1770100,0.0,0
2022-07-08,EA,124.83000183105467,126.4499969482422,124.1999969482422,125.62999725341795,1386000,0.0,0
2022-07-11,EA,125.3000030517578,125.61000061035156,123.68000030517578,123.83999633789062,1291300,0.0,0
2022-07-12,EA,123.7300033569336,124.9800033569336,121.7300033569336,121.9800033569336,1250000,0.0,0
2022-07-13,EA,120.25,122.38999938964844,119.54000091552734,121.68000030517578,1726000,0.0,0
2022-07-14,EA,121.0500030517578,122.4000015258789,120.19000244140624,122.29000091552734,1315300,0.0,0
2022-07-15,EA,122.75,124.12000274658205,122.72000122070312,123.16000366210938,1244600,0.0,0
2022-07-18,EA,124.12000274658205,125.22000122070312,123.19000244140624,123.62000274658205,1584500,0.0,0
2022-07-19,EA,124.70999908447266,126.87999725341795,124.08999633789062,126.75,1854800,0.0,0
2022-07-20,EA,126.79000091552734,128.27000427246094,126.22000122070312,127.58999633789062,1365100,0.0,0
2022-07-21,EA,128.11000061035156,130.3800048828125,127.22000122070312,130.2100067138672,2306100,0.0,0
2022-07-22,EA,130.00999450683594,132.02000427246094,129.77000427246094,130.16000366210938,1486200,0.0,0
2022-07-25,EA,130.0,130.85000610351562,129.50999450683594,129.9199981689453,1404600,0.0,0
2022-07-26,EA,130.72000122070312,133.4600067138672,129.77000427246094,130.75,1571300,0.0,0
2022-07-27,EA,130.4600067138672,132.9600067138672,129.80999755859375,132.17999267578125,1697900,0.0,0
2022-07-28,EA,132.49000549316406,133.6199951171875,131.39999389648438,133.17999267578125,1441700,0.0,0
2022-07-29,EA,132.1699981689453,132.94000244140625,130.07000732421875,131.22999572753906,2530800,0.0,0
2022-08-01,EA,130.58999633789062,131.85000610351562,129.7899932861328,130.8699951171875,1652600,0.0,0
2022-08-02,EA,129.75,130.60000610351562,128.72999572753906,128.88999938964844,2184900,0.0,0
2022-08-03,EA,131.13999938964844,134.9199981689453,130.41000366210938,133.27999877929688,2210800,0.0,0
2022-08-04,EA,133.3699951171875,133.8000030517578,131.99000549316406,133.24000549316406,1666300,0.0,0
2022-08-05,EA,132.10000610351562,132.67999267578125,131.2100067138672,132.55999755859375,1178600,0.0,0
2022-08-08,EA,132.75,133.4199981689453,130.58999633789062,131.0500030517578,1585800,0.0,0
2022-08-09,EA,130.0500030517578,130.5800018310547,128.05999755859375,129.27999877929688,1977400,0.0,0
2022-08-10,EA,130.83999633789062,132.1999969482422,130.10000610351562,131.16000366210938,1640500,0.0,0
2022-08-11,EA,131.99000549316406,132.24000549316406,129.58999633789062,129.67999267578125,1434603,0.0,0
2022-08-12,EA,129.95918605723196,131.3671225678644,129.59971322976025,131.17739868164062,1000300,0.0,0
2022-08-15,EA,130.75801776496147,131.9063409498375,129.65963956131094,131.40707397460938,1133100,0.0,0
2022-08-16,EA,131.0675643627269,135.6108970062904,130.34861868022625,134.91192626953125,2037000,0.0,0
2022-08-17,EA,134.4825427158576,135.580936136177,132.80501302273555,132.97476196289062,1601200,0.0,0
2022-08-18,EA,132.97477337777357,133.42411063868786,131.78651545826648,132.2758026123047,1190500,0.0,0
2022-08-19,EA,131.54687413427433,131.68666828427467,129.92923869979072,130.28871154785156,1220800,0.0,0
2022-08-22,EA,129.69957644207156,130.04906942529914,127.44288754219748,127.93216705322266,1775000,0.0,0
2022-08-23,EA,126.87372275889038,127.25317054005961,126.094867487536,126.5442123413086,1124700,0.0,0
2022-08-24,EA,126.28458971995039,126.83377882084862,125.31601057072925,125.42584991455078,1426700,0.0,0
2022-08-25,EA,126.07490089430408,127.44288755439247,125.18620627251205,127.42292022705078,878500,0.0,0
2022-08-26,EA,133.49400263616698,135.65083956711203,131.7964980139378,131.97622680664062,9512600,0.0,0
2022-08-29,EA,130.25874836232924,131.18739284188587,127.41292818020341,129.41000366210938,2729300,0.0,0
2022-08-30,EA,128.97999572753906,129.0500030517578,125.9000015258789,126.47000122070312,1943200,0.19,0
2022-08-31,EA,127.88999938964844,128.80999755859375,126.56999969482422,126.87000274658203,1860700,0.0,0
2022-09-01,EA,125.87999725341797,127.76000213623047,125.87999725341797,127.68000030517578,1497700,0.0,0
2022-09-02,EA,127.91999816894531,128.4499969482422,125.0,125.33000183105469,1346700,0.0,0
2022-09-06,EA,124.41999816894531,125.05999755859375,122.54000091552734,124.7300033569336,2205700,0.0,0
2022-09-07,EA,123.69999694824219,125.87000274658203,123.44999694824219,125.55000305175781,2355300,0.0,0
2022-09-08,EA,125.36000061035156,127.19000244140625,124.44000244140625,127.13999938964844,1719100,0.0,0
2022-09-09,EA,127.80000305175781,129.74000549316406,127.6500015258789,128.92999267578125,1651400,0.0,0
